
Maricopa  :  2020  Heat Units 

 DOY = Day Of Year (1 to 365)
 Max = Maximum Air Temperature 
 Min = Minimum Air Temperature 
 HU  = Daily Heat Units 
 CUM = Accumulated Heat Units : Since Jan 1, 2020 
   * = Missing data. Max, Min Temps and Heat Units Estimated.

 Temperature and Heat Units are in Fahrenheit Units
 Heat Units calculated by Single Sine Method


                         86/55       86/50       86/45          RH
                       ==========  ==========  ==========   ===========
 DOY  Date    Max Min   HU   CUM    HU   CUM    HU   CUM    Max Min Ave
 ---  ------  --- ---  ----  ----  ----  ----  ----  ----   --- --- ---
   1  Jan  1   59  32   0.7     1   2.3     2   4.5     4    97  46  79   
   2  Jan  2   62  35   1.6     2   3.6     6   6.2    11    97  28  73   
   3  Jan  3   62  32   1.6     4   3.5     9   6.0    17    97  29  73   
   4  Jan  4   67  32   3.0     7   5.2    15   7.9    25    96  27  71   
   5  Jan  5   66  32   2.7    10   5.0    19   7.5    32    97  34  74   
   6  Jan  6   68  32   3.6    13   5.9    25   8.7    41    97  21  65   
   7  Jan  7   70  32   4.1    17   6.4    32   9.1    50    91  21  59   
   8  Jan  8   70  33   4.2    21   6.6    38   9.4    59    88  21  57   
   9  Jan  9   64  36   2.2    24   4.4    43   7.2    66    89  34  62   
  10  Jan 10   62  36   1.7    25   3.8    47   6.5    73    90  25  59   
  11  Jan 11   63  31   1.6    27   3.6    50   6.0    79    92  26  65   
  12  Jan 12   63  28   1.7    29   3.5    54   5.8    85    95  29  66   
  13  Jan 13   66  30   2.8    31   4.9    59   7.3    92    93  26  65   
  14  Jan 14   68  31   3.4    35   5.7    64   8.3   100    93  31  67   
  15  Jan 15   66  34   2.9    38   5.3    70   8.0   108    95  30  67   
  16  Jan 16   64  44   2.7    40   5.4    75   9.1   117    90  50  75   
  17  Jan 17   65  35   2.5    43   4.7    80   7.5   125    99  35  73   
  18  Jan 18   70  34   4.2    47   6.6    86   9.5   134    96  21  65   
  19  Jan 19   75  35   6.4    54   9.0    95  12.2   147    89  20  57   
  20  Jan 20   73  42   6.1    60   9.1   104  12.6   159    85  29  60   
  21  Jan 21   62  51   2.3    62   6.2   111  11.2   170    95  44  83   
  22  Jan 22   64  47   3.0    65   6.0   117  10.5   181   100  53  85   
  23  Jan 23   69  37   3.9    69   6.4   123   9.3   190   100  41  82   
  24  Jan 24   69  37   4.2    73   6.7   130   9.8   200   100  37  77   
  25  Jan 25   75  38   6.5    80   9.4   139  12.8   213   100  31  77   
  26  Jan 26   75  39   6.7    86   9.7   149  13.1   226   100  34  73   
  27  Jan 27   78  44   9.0    95  12.2   161  16.3   242   100  16  57   
  28  Jan 28   74  37   6.4   102   9.1   170  12.2   255    91  17  51   
  29  Jan 29   63  35   1.9   104   4.0   174   6.7   261    95  30  64   
  30  Jan 30   72  38   5.5   109   8.1   182  11.5   273    85  17  48   
  31  Jan 31   77  33   6.7   116   9.5   192  12.5   285    94  11  53   
  32  Feb  1   79  33   8.0   124  10.9   203  14.0   299    93  15  52   
  33  Feb  2   81  37   9.2   133  12.1   215  15.7   315    88  17  52   
  34  Feb  3   71  44   5.4   138   8.5   223  12.4   327    54  11  29   
  35  Feb  4   63  30   1.7   140   3.6   227   6.0   333    69  11  24   
  36  Feb  5   58  26   0.4   141   1.7   229   3.7   337    76   9  36   
  37  Feb  6   64  27   1.7   142   3.6   232   6.0   343    72  15  39   
  38  Feb  7   70  30   4.2   147   6.6   239   9.2   352    80  17  50   
  39  Feb  8   75  31   6.1   153   8.6   247  11.7   364    86  19  53   
  40  Feb  9   79  36   8.0   161  11.0   258  14.0   378    84  20  51   
  41  Feb 10   77  46   8.7   169  12.1   270  16.6   395    99  44  76   
  42  Feb 11   66  43   3.4   173   6.2   277   9.8   404   100  43  77   
  43  Feb 12   73  34   5.6   178   8.1   285  11.1   416   100  18  66   
  44  Feb 13   74  32   5.6   184   8.1   293  11.1   427    93  22  59   
  45  Feb 14   74  38   6.1   190   8.9   302  12.1   439    90  21  54   
  46  Feb 15   74  36   6.0   196   8.7   311  11.8   451    90  18  50   
  47  Feb 16   75  36   6.5   203   9.3   320  12.3   463    90  17  51   
  48  Feb 17   80  38   9.0   212  12.0   332  15.5   478    89  16  49   
  49  Feb 18   82  40  10.0   222  13.2   345  16.9   495    79  20  50   
  50  Feb 19   78  44   8.5   230  11.8   357  15.8   511    84  23  51   
  51  Feb 20   78  40   8.2   238  11.2   368  14.7   526    86  19  46   
  52  Feb 21   73  59  10.8   249  15.8   384  20.8   546    57  33  43   
  53  Feb 22   68  54   6.4   255  11.3   395  16.3   563   100  45  83   
  54  Feb 23   65  46   3.4   259   6.3   402  10.4   573    96  42  70   
  55  Feb 24   71  41   5.2   264   7.9   409  11.4   585   100  36  74   
  56  Feb 25   67  38   3.5   268   6.1   416   9.1   594    99  10  48   
  57  Feb 26   65  36   2.7   270   5.0   421   7.7   601    66  12  35   
  58  Feb 27   74  34   6.0   276   8.8   429  11.7   613    84  15  47   
  59  Feb 28   78  42   8.4   285  11.5   441  15.2   628    85  13  51   
  60  Feb 29   78  40   8.2   293  11.5   452  15.0   643    90  15  45   
  61  Mar  1   76  47   8.5   301  12.0   464  16.6   660    72  14  38   
  62  Mar  2   68  41   4.2   305   6.8   471  10.3   670    85  26  57   
  63  Mar  3   73  47   6.7   312  10.1   481  14.5   685    88  22  52   
  64  Mar  4   73  43   6.2   318   9.1   490  12.8   698    96  29  61   
  65  Mar  5   81  42   9.9   328  13.3   504  17.2   715    87  21  53   
  66  Mar  6   86  53  14.8   343  19.7   523  24.7   740    60  14  32   
  67  Mar  7   83  52  13.1   356  17.9   541  22.9   762    68  16  36   
  68  Mar  8   76  55  10.2   366  15.2   557  20.2   783    61  26  41   
  69  Mar  9   77  47   8.7   375  12.3   569  16.8   799    87  23  52   
  70  Mar 10   74  57  10.8   386  15.8   585  20.8   820   100  41  69   
  71  Mar 11   67  60   8.3   394  13.3   598  18.3   839   100  85  98   
  72  Mar 12   72  59  10.6   405  15.6   613  20.6   859   100  65  89   
  73  Mar 13   67  50   4.9   410   8.7   622  13.7   873   100  41  80   
  74  Mar 14   74  43   7.1   417  10.3   633  14.2   887   100  33  74   
  75  Mar 15   78  48   9.6   426  13.4   646  18.1   905   100  25  70   
  76  Mar 16   78  48   9.4   436  13.2   659  18.0   923   100  22  62   
  77  Mar 17   75  49   8.4   444  12.4   672  17.3   940    93  25  58   
  78  Mar 18   67  47   4.3   448   7.6   679  12.0   952    95  40  72   
  79  Mar 19   63  46   2.6   451   5.4   685   9.4   962   100  39  75   
  80  Mar 20   69  41   4.4   455   7.1   692  10.5   972   100  33  68   
  81  Mar 21   73  46   6.9   462  10.5   702  14.7   987    96  29  57   
  82  Mar 22   73  48   7.0   469  10.8   713  15.5  1003    90  27  57   
  83  Mar 23   77  53  10.6   480  15.3   728  20.3  1023    84  24  52   
  84  Mar 24   78  44   8.8   489  12.2   740  16.3  1039    94  21  52   
  85  Mar 25   78  49   9.8   498  13.7   754  18.7  1058    73  21  44   
  86  Mar 26   68  53   5.9   504  10.6   765  15.6  1074    52  26  40   
  87  Mar 27   64  46   2.9   507   5.8   771   9.8  1083    62  21  38   
  88  Mar 28   71  37   4.8   512   7.5   778  10.6  1094    85  12  41   
  89  Mar 29   77  43   7.9   520  11.2   789  15.0  1109    76  11  35   
  90  Mar 30   78  46   8.8   529  12.4   802  16.7  1126    68  18  35   
  91  Mar 31   79  43   9.0   538  12.3   814  16.2  1142    79  19  42   
  92  Apr  1   86  52  14.3   552  19.0   833  24.0  1166    70  15  37   
  93  Apr  2   84  53  13.7   566  18.5   851  23.5  1189    48  14  28   
  94  Apr  3   85  49  12.8   579  16.8   868  21.9  1211    70  16  34   
  95  Apr  4   85  53  14.3   593  19.2   887  24.2  1235    72  11  34   
  96  Apr  5   85  49  13.0   606  17.1   904  22.2  1258    58  13  29   
  97  Apr  6   85  53  14.0   620  18.8   923  23.8  1281    46   9  26   
  98  Apr  7   85  48  12.8   633  16.9   940  21.6  1303    56  14  31   
  99  Apr  8   81  53  12.5   645  17.1   957  22.1  1325    71  23  44   
 100  Apr  9   73  45   6.6   652   9.9   967  14.0  1339    79  21  46   
 101  Apr 10   77  46   8.5   660  12.0   979  16.3  1355    65  18  37   
 102  Apr 11   68  51   5.3   666   9.5   989  14.5  1370    80  36  52   
 103  Apr 12   78  48   9.8   675  13.7  1002  18.4  1388    87  26  55   
 104  Apr 13   77  51   9.8   685  14.1  1016  19.1  1408    71  30  47   
 105  Apr 14   80  48  10.6   696  14.2  1031  19.1  1427    91  11  41   
 106  Apr 15   83  46  11.3   707  15.0  1046  19.4  1446    58   6  25   
 107  Apr 16   86  47  13.1   720  17.0  1063  21.7  1468    54   7  20   
 108  Apr 17   88  49  14.1   734  18.2  1081  23.2  1491    58   6  22   
 109  Apr 18   79  49  10.2   744  14.1  1095  19.1  1510    51  19  31   
 110  Apr 19   83  52  13.0   757  17.6  1113  22.6  1533    60  18  34   
 111  Apr 20   87  55  16.1   773  21.1  1134  26.1  1559    57  12  28   
 112  Apr 21   82  56  14.1   788  19.1  1153  24.1  1583    49  17  30   
 113  Apr 22   91  53  16.4   804  21.2  1174  26.2  1609    68  12  32   
 114  Apr 23   96  58  19.5   823  24.5  1198  29.5  1639    53  10  23   
 115  Apr 24   98  61  21.2   845  26.2  1225  31.2  1670    48   9  23   
 116  Apr 25   99  60  21.3   866  26.3  1251  31.3  1701    46   7  20   
 117  Apr 26  102  58  20.6   887  25.6  1277  30.6  1732    57   7  22   
 118  Apr 27  102  65  24.0   911  29.0  1306  34.0  1766    41   7  19   
 119  Apr 28  100  63  22.7   933  27.7  1333  32.7  1798    45   7  20   
 120  Apr 29  103  64  23.8   957  28.8  1362  33.8  1832    39   9  21   
 121  Apr 30  101  71  26.2   983  31.2  1393  36.2  1868    49   9  19   
 122  May  1  102  63  23.0  1006  28.0  1421  33.0  1901    35   6  16   
 123  May  2  100  65  23.6  1030  28.6  1450  33.6  1935    39   8  20   
 124  May  3   97  59  20.6  1050  25.6  1475  30.6  1966    55  11  21   
 125  May  4   98  65  23.0  1074  28.0  1503  33.0  1999    41   8  20   
 126  May  5  102  60  21.7  1095  26.7  1530  31.7  2030    43   6  20   
 127  May  6  107  63  23.4  1119  28.4  1559  33.4  2064    42   5  18   
 128  May  7  105  61  22.5  1141  27.5  1586  32.5  2096    39   5  14   
 129  May  8  103  64  23.6  1165  28.6  1615  33.6  2130    39   7  18   
 130  May  9  101  67  24.4  1189  29.4  1644  34.4  2164    56  13  26   
 131  May 10  100  72  26.6  1216  31.6  1676  36.6  2201    66  13  31   
 132  May 11  100  64  23.2  1239  28.2  1704  33.2  2234    67   6  27   
 133  May 12   95  66  23.6  1263  28.6  1732  33.6  2268    41  11  21   
 134  May 13   91  63  21.0  1283  26.0  1758  31.0  2299    53  17  29   
 135  May 14   91  61  19.9  1303  24.9  1783  29.9  2328    59  15  30   
 136  May 15   95  63  21.6  1325  26.6  1810  31.6  2360    48  12  27   
 137  May 16   98  65  23.3  1348  28.3  1838  33.3  2393    47  10  23   
 138  May 17  101  67  24.4  1373  29.4  1868  34.4  2428    35   5  19   
 139  May 18  101  64  23.0  1396  28.0  1896  33.0  2461    46   8  22   
 140  May 19   90  63  20.8  1417  25.8  1921  30.8  2492    36   8  21   
 141  May 20   87  53  15.0  1432  19.9  1941  24.9  2517    47   7  19   
 142  May 21   91  55  17.1  1449  22.1  1963  27.1  2544    55   6  18   
 143  May 22   96  62  21.8  1470  26.8  1990  31.8  2575    45   6  17   
 144  May 23   94  61  20.8  1491  25.8  2016  30.8  2606    44   7  18   
 145  May 24   94  62  21.4  1513  26.4  2042  31.4  2638    42   5  18   
 146  May 25   97  61  21.4  1534  26.4  2069  31.4  2669    40   6  15   
 147  May 26  103  58  20.7  1555  25.7  2095  30.7  2700    49   5  17   
 148  May 27  107  67  25.2  1580  30.2  2125  35.2  2735    30   7  15   
 149  May 28  108  73  27.5  1608  32.5  2157  37.5  2773    27   6  15   
 150  May 29  111  74  27.8  1635  32.8  2190  37.8  2810    35   8  18   
 151  May 30  109  74  28.0  1663  33.0  2223  38.0  2848    55  11  27   
 152  May 31  107  74  27.9  1691  32.9  2256  37.9  2886    69   8  23   
 153  Jun  1  106  73  27.3  1718  32.3  2288  37.3  2923    58  10  25   
 154  Jun  2  106  80  29.7  1748  34.7  2323  39.7  2963    55  11  26   
 155  Jun  3  110  77  28.9  1777  33.9  2357  38.9  3002    47   9  21   
 156  Jun  4  109  78  29.3  1806  34.3  2391  39.3  3041    41  11  21   
 157  Jun  5  107  75  28.3  1835  33.3  2425  38.3  3080    40   8  17   
 158  Jun  6   94  67  23.5  1858  28.5  2453  33.5  3113    60  17  33   
 159  Jun  7   97  67  24.3  1882  29.3  2482  34.3  3147    55   9  26   
 160  Jun  8   90  62  20.2  1903  25.2  2507  30.2  3178    57   4  17   
 161  Jun  9   94  57  19.0  1922  24.0  2531  29.0  3207    32   5  13   
 162  Jun 10  103  55  19.6  1941  24.4  2556  29.4  3236    63   4  16   
 163  Jun 11  108  64  24.1  1965  29.1  2585  34.1  3270    43   5  15   
 164  Jun 12  108  68  25.7  1991  30.7  2616  35.7  3306    43   6  17   
 165  Jun 13  107  69  26.1  2017  31.1  2647  36.1  3342    43   3  14   
 166  Jun 14  106  64  23.7  2041  28.7  2675  33.7  3376    28   3  13   
 167  Jun 15  107  69  26.0  2067  31.0  2706  36.0  3412    27   7  16   
 168  Jun 16  107  66  24.6  2091  29.6  2736  34.6  3446    39   4  16   
 169  Jun 17  104  72  26.8  2118  31.8  2768  36.8  3483    29   7  15   
 170  Jun 18  103  68  25.3  2143  30.3  2798  35.3  3518    37   6  16   
 171  Jun 19  102  63  22.8  2166  27.8  2826  32.8  3551    45   6  19   
 172  Jun 20  105  67  24.9  2191  29.9  2856  34.9  3586    37   5  17   
 173  Jun 21  108  71  26.8  2218  31.8  2888  36.8  3623    31   7  15   
 174  Jun 22  108  74  28.0  2246  33.0  2921  38.0  3661    24   6  14   
 175  Jun 23  109  72  26.9  2273  31.9  2953  36.9  3698    34   6  16   
 176  Jun 24  110  71  27.0  2300  32.0  2985  37.0  3735    42   3  20   
 177  Jun 25  111  75  28.4  2328  33.4  3018  38.4  3773    32   3  13   
 178  Jun 26  110  71  26.7  2355  31.7  3050  36.7  3810    36   4  14   
 179  Jun 27  107  71  26.8  2382  31.8  3082  36.8  3847    40   8  18   
 180  Jun 28  104  75  27.9  2410  32.9  3115  37.9  3885    31  11  19   
 181  Jun 29  100  75  27.8  2438  32.8  3147  37.8  3923    37  11  19   
 182  Jun 30  100  69  25.2  2463  30.2  3178  35.2  3958    53   9  26   
 183  Jul  1  104  65  24.3  2487  29.3  3207  34.3  3992    46  11  22   
 184  Jul  2  101  71  26.2  2513  31.2  3238  36.2  4028    55  17  30   
 185  Jul  3  104  80  29.8  2543  34.8  3273  39.8  4068    60  21  38   
 186  Jul  4  109  78  29.1  2572  34.1  3307  39.1  4107    63  14  29   
 187  Jul  5  110  79  29.4  2602  34.4  3341  39.4  4147    46   9  22   
 188  Jul  6  110  73  27.6  2629  32.6  3374  37.6  4184    47   8  18   
 189  Jul  7  110  78  29.3  2659  34.3  3408  39.3  4223    46   7  22   
 190  Jul  8  110  81  30.1  2689  35.1  3443  40.1  4264    49  13  25   
 191  Jul  9  109  80  29.8  2718  34.8  3478  39.8  4303    40   9  22   
 192  Jul 10  112  82  30.3  2749  35.3  3513  40.3  4344    53  14  26   
 193  Jul 11  112  90  31.0  2780  36.0  3549  41.0  4385    40  15  23   
 194  Jul 12  115  87  31.0  2811  36.0  3585  41.0  4426    41  12  25   
 195  Jul 13  110  84  30.9  2842  35.9  3621  40.9  4466    47  14  24   
 196  Jul 14  110  81  30.1  2872  35.1  3656  40.1  4507    50  14  28   
 197  Jul 15  110  79  29.4  2901  34.4  3691  39.4  4546    46  13  26   
 198  Jul 16  110  77  29.0  2930  34.0  3725  39.0  4585    52  11  23   
 199  Jul 17  108  79  29.5  2960  34.5  3759  39.5  4625    49  12  24   
 200  Jul 18  109  82  30.5  2990  35.5  3795  40.5  4665    43  13  21   
 201  Jul 19  108  91  31.0  3021  36.0  3831  41.0  4706    32  10  19   
 202  Jul 20  105  87  31.0  3052  36.0  3867  41.0  4747    37   9  18   
 203  Jul 21  109  85  31.0  3083  36.0  3903  41.0  4788    37  10  21   
 204  Jul 22  107  80  29.6  3113  34.6  3937  39.6  4828    55  16  32   
 205  Jul 23   94  81  29.5  3142  34.5  3972  39.5  4867    63  36  45   
 206  Jul 24  102  75  28.0  3170  33.0  4005  38.0  4905    75  24  51   
 207  Jul 25  104  74  27.9  3198  32.9  4038  37.9  4943    79  12  41   
 208  Jul 26  109  78  29.3  3227  34.3  4072  39.3  4982    51  10  26   
 209  Jul 27  109  78  29.3  3257  34.3  4106  39.3  5022    49  15  26   
 210  Jul 28  112  80  29.9  3287  34.9  4141  39.9  5061    61  12  30   
 211  Jul 29  114  82  30.5  3317  35.5  4177  40.5  5102    35   9  18   
 212  Jul 30  115  91  31.0  3348  36.0  4213  41.0  5143    40  10  20   
 213  Jul 31  116  90  31.0  3379  36.0  4249  41.0  5184    40  10  22   
 214  Aug  1  111  88  31.0  3410  36.0  4285  41.0  5225    53  20  34   
 215  Aug  2  108  88  31.0  3441  36.0  4321  41.0  5266    46  20  30   
 216  Aug  3  113  81  30.3  3471  35.3  4356  40.3  5306    52  10  27   
 217  Aug  4  110  81  29.9  3501  34.9  4391  39.9  5346    52  11  26   
 218  Aug  5  111  81  30.0  3531  35.0  4426  40.0  5386    54   7  24   
 219  Aug  6  109  76  28.4  3560  33.4  4459  38.4  5424    34   9  19   
 220  Aug  7  108  77  28.7  3588  33.7  4493  38.7  5463    51  14  23   
 221  Aug  8  111  78  29.4  3618  34.4  4527  39.4  5503    45  10  22   
 222  Aug  9  111  77  28.8  3646  33.8  4561  38.8  5541    42   6  16   
 223  Aug 10  111  76  28.4  3675  33.4  4595  38.4  5580    37   8  17   
 224  Aug 11  109  81  30.1  3705  35.1  4630  40.1  5620    45  14  26   
 225  Aug 12  110  80  29.8  3735  34.8  4664  39.8  5660    53  16  31   
 226  Aug 13  115  82  30.3  3765  35.3  4700  40.3  5700    49  13  27   
 227  Aug 14  116  79  29.7  3795  34.7  4734  39.7  5740    51   9  23   
 228  Aug 15  113  89  31.0  3826  36.0  4770  41.0  5781    45  14  27   
 229  Aug 16  115  82  30.5  3856  35.5  4806  40.5  5821    52  14  29   
 230  Aug 17  113  80  29.7  3886  34.7  4841  39.7  5861    59  12  28   
 231  Aug 18  112  79  29.6  3916  34.6  4875  39.6  5900    67  11  29   
 232  Aug 19  114  82  30.4  3946  35.4  4911  40.4  5941    49  11  25   
 233  Aug 20  110  74  28.1  3974  33.1  4944  38.1  5979    92  17  37   
 234  Aug 21  101  77  28.7  4003  33.7  4977  38.7  6018    88  29  53   
 235  Aug 22  105  82  30.3  4033  35.3  5013  40.3  6058    72  26  45   
 236  Aug 23  109  83  30.6  4064  35.6  5048  40.6  6098    66  18  37   
 237  Aug 24  113  81  29.9  4094  34.9  5083  39.9  6138    62  12  30   
 238  Aug 25  111  82  30.2  4124  35.2  5118  40.2  6179    55  14  29   
 239  Aug 26  111  82  30.2  4154  35.2  5154  40.2  6219    54  14  33   
 240  Aug 27  112  83  30.6  4185  35.6  5189  40.6  6259    51  13  31   
 241  Aug 28  110  82  30.3  4215  35.3  5225  40.3  6300    58  13  28   
 242  Aug 29  105  80  29.6  4244  34.6  5259  39.6  6339    79  22  43   
 243  Aug 30  100  74  27.5  4272  32.5  5292  37.5  6377    85  26  59   
 244  Aug 31  100  70  25.7  4298  30.7  5322  35.7  6412    89  25  51   
 245  Sep  1  101  79  29.3  4327  34.3  5356  39.3  6452    68  25  42   
 246  Sep  2  102  78  28.9  4356  33.9  5390  38.9  6491    75  20  45   
 247  Sep  3  107  80  29.9  4386  34.9  5425  39.9  6530    67  15  37   
 248  Sep  4  113  76  28.6  4414  33.6  5459  38.6  6569    54   8  27   
 249  Sep  5  113  77  29.0  4443  34.0  5493  39.0  6608    45   9  20   
 250  Sep  6  112  78  29.4  4473  34.4  5527  39.4  6647    49  10  24   
 251  Sep  7  108  80  29.7  4502  34.7  5562  39.7  6687    46  14  29   
 252  Sep  8   98  73  26.9  4529  31.9  5594  36.9  6724    77  12  38   
 253  Sep  9   89  64  20.9  4550  25.9  5620  30.9  6755    34  12  20   
 254  Sep 10   91  60  19.9  4570  24.9  5645  29.9  6785    52  11  25   
 255  Sep 11   89  58  18.2  4588  23.2  5668  28.2  6813    65  23  37   
 256  Sep 12   96  60  20.5  4609  25.5  5694  30.5  6844    64  17  37   
 257  Sep 13  101  62  22.2  4631  27.2  5721  32.2  6876    67  15  36   
 258  Sep 14  102  68  25.1  4656  30.1  5751  35.1  6911    59  11  28   
 259  Sep 15  103  70  25.8  4682  30.8  5782  35.8  6947    52  11  30   
 260  Sep 16  107  65  24.5  4706  29.5  5811  34.5  6981    63   6  26   
 261  Sep 17  107  65  24.2  4731  29.2  5840  34.2  7016    42   7  20   
 262  Sep 18  105  69  25.7  4756  30.7  5871  35.7  7051    47   9  22   
 263  Sep 19  103  72  26.8  4783  31.8  5903  36.8  7088    49  12  27   
 264  Sep 20  105  67  24.8  4808  29.8  5933  34.8  7123    61  10  26   
 265  Sep 21  103  76  28.3  4836  33.3  5966  38.3  7161    45  14  26   
 266  Sep 22  101  77  28.7  4865  33.7  6000  38.7  7200    55  15  30   
 267  Sep 23  103  69  25.6  4891  30.6  6030  35.6  7236    60  12  27   
 268  Sep 24  105  71  26.5  4917  31.5  6062  36.5  7272    43  11  24   
 269  Sep 25  104  71  26.6  4944  31.6  6094  36.6  7309    48  11  22   
 270  Sep 26  103  68  25.1  4969  30.1  6124  35.1  7344    43  11  22   
 271  Sep 27  102  70  25.9  4995  30.9  6155  35.9  7380    43   8  24   
 272  Sep 28  103  61  22.2  5017  27.2  6182  32.2  7412    56   8  24   
 273  Sep 29  101  73  26.8  5044  31.8  6214  36.8  7449    43   9  21   
 274  Sep 30  103  62  22.5  5066  27.5  6241  32.5  7481    59   7  24   
 275  Oct  1  106  61  22.5  5089  27.5  6269  32.5  7514    63   5  22   
 276  Oct  2  105  60  22.1  5111  27.1  6296  32.1  7546    56   5  21   
 277  Oct  3  105  64  23.4  5135  28.4  6324  33.4  7579    56   4  19   
 278  Oct  4  104  58  21.2  5156  26.2  6350  31.2  7611    51   5  20   
 279  Oct  5  103  59  21.5  5177  26.5  6377  31.5  7642    54   5  21   
 280  Oct  6  104  58  21.2  5198  26.2  6403  31.2  7673    56   6  22   
 281  Oct  7  103  59  21.2  5220  26.2  6429  31.2  7705    57   6  21   
 282  Oct  8  101  61  22.1  5242  27.1  6456  32.1  7737    47   8  19   
 283  Oct  9   98  62  21.8  5264  26.8  6483  31.8  7768    45  10  22   
 284  Oct 10   97  65  22.9  5287  27.9  6511  32.9  7801    53   8  26   
 285  Oct 11   94  64  21.9  5308  26.9  6538  31.9  7833    50  14  30   
 286  Oct 12   98  56  18.9  5327  23.9  6562  28.9  7862    72  11  31   
 287  Oct 13  100  55  19.2  5346  24.2  6586  29.2  7891    72   8  28   
 288  Oct 14  101  56  20.0  5366  25.0  6611  30.0  7921    65   5  26   
 289  Oct 15   99  58  20.5  5387  25.5  6637  30.5  7952    59   9  29   
 290  Oct 16  100  58  20.7  5408  25.7  6662  30.7  7982    57   7  27   
 291  Oct 17   98  58  20.0  5428  25.0  6687  30.0  8012    50   6  22   
 292  Oct 18   98  53  17.8  5445  22.7  6710  27.7  8040    52   7  22   
 293  Oct 19   96  53  17.5  5463  22.5  6732  27.5  8068    56  10  27   
 294  Oct 20   96  55  18.1  5481  23.2  6756  28.2  8096    58   9  31   
 295  Oct 21   95  53  17.4  5498  22.3  6778  27.3  8123    74  10  29   
 296  Oct 22   94  57  18.7  5517  23.7  6802  28.7  8152    59  18  33   
 297  Oct 23   93  59  19.7  5537  24.7  6826  29.7  8182    71  14  40   
 298  Oct 24   87  63  19.5  5556  24.5  6851  29.5  8211    63  27  43   
 299  Oct 25   87  65  20.8  5577  25.8  6877  30.8  8242    62  27  42   
 300  Oct 26   69  44   5.0  5582   8.1  6885  11.8  8254    59   9  28   
 301  Oct 27   65  44   3.3  5586   6.1  6891   9.7  8264    50  19  29   
 302  Oct 28   70  37   4.6  5590   7.2  6898  10.3  8274    77  15  43   
 303  Oct 29   83  41  10.3  5600  13.6  6912  17.3  8291    70  14  37   
 304  Oct 30   85  47  12.5  5613  16.2  6928  20.9  8312    67  14  35   
 305  Oct 31   85  53  14.3  5627  19.2  6947  24.2  8336    64  15  34   
 306  Nov  1   92  53  16.6  5644  21.6  6969  26.6  8363    75  13  33   
 307  Nov  2   91  67  23.0  5667  28.0  6997  33.0  8396    37  15  25   
 308  Nov  3   93  53  17.0  5684  21.8  7019  26.8  8423    64  12  31   
 309  Nov  4   91  53  16.5  5700  21.3  7040  26.3  8449    73  15  36   
 310  Nov  5   95  53  17.1  5718  21.9  7062  26.9  8476    81  12  36   
 311  Nov  6   88  62  19.8  5737  24.8  7087  29.8  8506    58  15  30   
 312  Nov  7   82  58  14.9  5752  19.9  7106  24.9  8531    51  16  31   
 313  Nov  8   70  45   5.3  5758   8.4  7115  12.6  8543    79  28  46   
 314  Nov  9   62  40   1.9  5759   4.2  7119   7.4  8550    78  26  44   
 315  Nov 10   65  35   2.6  5762   5.0  7124   7.7  8558    88  18  48   
 316  Nov 11   70  33   4.2  5766   6.7  7131   9.5  8568    80  14  41   
 317  Nov 12   72  37   5.4  5772   8.1  7139  11.2  8579    72  14  41   
 318  Nov 13   77  40   7.7  5779  10.8  7150  14.2  8593    75  12  39   
 319  Nov 14   75  39   6.8  5786   9.7  7159  13.2  8606    65  15  35   
 320  Nov 15   81  38   9.1  5795  12.2  7172  15.7  8622    70   8  35   
 321  Nov 16   88  40  12.4  5808  16.0  7188  19.5  8641    64   8  30   
 322  Nov 17   91  45  14.1  5822  17.8  7205  22.2  8664    58   9  29   
 323  Nov 18   93  50  16.0  5838  20.0  7225  25.1  8689    71  12  31   
 324  Nov 19   87  50  14.0  5852  18.3  7244  23.3  8712    64  13  37   
 325  Nov 20   86  51  13.9  5866  18.4  7262  23.4  8735    62  20  39   
 326  Nov 21   84  52  13.5  5879  18.0  7280  23.0  8758    61  24  41   
 327  Nov 22   82  49  11.5  5891  15.4  7295  20.2  8779    66  25  44   
 328  Nov 23   81  48  10.8  5902  14.5  7310  19.4  8798    71  14  39   
 329  Nov 24   72  46   6.1  5908   9.4  7319  13.5  8812    63  15  36   
 330  Nov 25   72  34   5.1  5913   7.6  7327  10.6  8822    75  15  36   
 331  Nov 26   72  35   5.0  5918   7.6  7335  10.8  8833    61  14  33   
 332  Nov 27   65  41   2.7  5921   5.3  7340   8.5  8841    62  21  32   
 333  Nov 28   68  32   3.6  5924   5.9  7346   8.5  8850    80  22  44   
 334  Nov 29   73  31   5.3  5929   7.8  7354  10.7  8861    81  13  40   
 335  Nov 30   73  37   5.6  5935   8.4  7362  11.5  8872    60  13  31   
 336  Dec  1   71  33   4.7  5940   7.2  7369  10.1  8882    62  14  37   
 337  Dec  2   68  29   3.2  5943   5.4  7375   8.0  8890    75  10  33   
 338  Dec  3   65  35   2.6  5946   4.8  7379   7.7  8898    66  13  30   
 339  Dec  4   68  29   3.3  5949   5.5  7385   8.2  8906    72   8  34   
 340  Dec  5   70  29   4.1  5953   6.4  7391   9.1  8915    80  10  32   
 341  Dec  6   71  29   4.4  5957   6.7  7398   9.5  8924    77  11  33   
 342  Dec  7   78  31   7.0  5965   9.7  7408  12.5  8937    69  10  33   
 343  Dec  8   79  37   8.2  5973  11.1  7419  14.4  8951    52  11  26   
 344  Dec  9   80  38   8.6  5981  11.6  7431  15.1  8966    83  13  35   
 345  Dec 10   59  47   1.1  5982   3.7  7434   8.0  8974   100  71  91   
 346  Dec 11   69  40   4.3  5987   7.1  7441  10.4  8985   100  39  88   
 347  Dec 12   68  42   4.1  5991   6.9  7448  10.5  8995   100  31  71   
 348  Dec 13   60  34   1.0  5992   2.9  7451   5.4  9001    82  15  43   
 349  Dec 14   62  35   1.4  5993   3.4  7455   6.0  9007    86  15  52   
 350  Dec 15   60  31   1.0  5994   2.8  7457   5.1  9012    91  24  55   
 351  Dec 16   64  30   1.8  5996   3.8  7461   6.2  9018    95  16  60   
 352  Dec 17   61  31   1.0  5997   2.8  7464   5.2  9023    90  27  62   
 353  Dec 18   64  31   2.2  5999   4.2  7468   6.7  9030    96  21  60   
 354  Dec 19   68  33   3.4  6003   5.6  7474   8.5  9038    90  19  58   
 355  Dec 20   68  29   3.2  6006   5.4  7479   8.0  9046    93  18  57   
 356  Dec 21   75  32   6.2  6012   8.8  7488  11.7  9058    89  15  52   
 357  Dec 22   72  35   5.2  6017   7.7  7496  10.9  9069    84  18  51   
 358  Dec 23   68  31   3.5  6021   5.7  7501   8.5  9077    85   7  44   
 359  Dec 24   57  33   0.3  6021   1.8  7503   4.0  9081    64  11  31   
 360  Dec 25   69  33   3.9  6025   6.3  7509   9.1  9090    69  10  37   
 361  Dec 26   71  32   4.5  6030   7.0  7516   9.9  9100    81  15  45   
 362  Dec 27   72  33   4.9  6034   7.4  7524  10.3  9111    85  20  50   
 363  Dec 28   67  45   4.1  6038   7.1  7531  10.9  9122    85  27  45   
 364  Dec 29   60  35   1.1  6040   3.0  7534   5.6  9127    97  34  65   
 365  Dec 30   64  33   2.0  6042   4.0  7538   6.7  9134    87  12  43   
 366  Dec 31   57  28   0.2  6042   1.5  7539   3.5  9137    75  25  42   
 ---  ------  --- ---  ----  ----  ----  ----  ----  ----   --- --- ---
 DOY  Date    Max Min   HU   CUM    HU   CUM    HU   CUM    Max Min Ave
                       ==========  ==========  ==========   ===========
                         86/55       86/50       86/45          RH
Maricopa

