2020,1,6,15,-.2,7,96.8,46.2,79,.27,11.87,0,12.4,5.2,8.6,11.6,11.3,11.5,1,.4,169,64,3.1,.4,1.4,1.1,.78,3.2
2020,2,6,16.7,1.4,8.4,97.1,28.2,72.9,.38,12.88,0,13.1,6.4,9.5,11.8,11.5,11.6,1.5,.7,205,60,5.1,.9,2,1.5,.76,3.1
2020,3,6,16.9,-.2,7.4,97,28.8,72.6,.39,12.77,0,13.3,5.8,9.2,11.9,11.6,11.8,1,.4,150,63,3.6,.9,1.7,1.4,.7,1.9
2020,4,6,19.3,.1,8.1,96.1,27.2,71.4,.44,12.96,0,14.2,6.1,9.7,11.9,11.6,11.8,1.1,.4,185,65,3.4,1.7,1.9,1.6,.73,2.3
2020,5,6,18.9,-.2,8.6,97,34.3,73.5,.42,13.48,0,14.8,6.5,10.2,12,11.8,11.9,1.1,.4,146,65,3.1,1.5,2,1.5,.78,3.4
2020,6,6,20.1,.2,9,96.7,20.5,65,.58,13.41,0,14.4,6.9,10.4,12.2,12,12.1,1.5,.7,312,61,6.6,2,2.5,2,.67,1.2
2020,7,6,20.9,0,9.5,90.7,20.5,58.7,.68,13.56,0,14.2,6.6,10.2,12.3,11.9,12.1,1.4,.5,360,66,5,2.3,2.5,2,.63,.3
2020,8,6,21,.5,9.5,88.4,20.8,56.9,.67,13.53,0,13.7,6.3,9.7,12.2,11.9,12.1,1.4,.7,180,56,4.4,2.3,2.4,2,.62,.2
2020,9,6,17.7,2.3,9.9,88.5,34.4,61.7,.55,10.6,0,12.2,7.1,9.4,12.1,11.8,11.9,2.3,1.4,218,52,8.8,1.2,2.2,2.1,.73,2.3
2020,10,6,16.9,2.3,9.3,89.9,25.4,59.2,.56,13.28,0,12.8,6.8,9.5,11.9,11.7,11.8,1.8,1.1,248,52,5.4,.9,2.4,1.9,.65,.8
2020,11,6,17.1,-.8,7.2,92,26.3,64.9,.46,13.41,0,13,5.5,8.9,11.9,11.4,11.6,1.3,.4,95,66,4.8,.9,2.1,1.7,.62,.2
2020,12,6,17.3,-2.5,7.2,94.7,28.8,66.1,.47,13.56,0,13.7,5.4,9.1,11.7,11.3,11.5,1.2,.3,116,72,4,1,2,1.6,.63,.4
2020,13,6,19,-1.2,7.9,93.2,25.8,65.2,.51,13.74,0,14.2,5.9,9.6,11.6,11.3,11.5,1.1,.3,18,70,4.2,1.5,2.1,1.7,.65,.7
2020,14,6,20,-.5,8.7,92.7,30.6,66.7,.52,12.7,0,14.4,6.3,10.1,11.7,11.4,11.6,.8,.1,199,76,2.9,1.9,1.9,1.5,.71,2
2020,15,6,19.1,1.2,10.2,94.7,30,67.3,.53,11.11,0,14.6,7.6,10.9,11.9,11.7,11.8,1,.3,139,70,3,1.6,1.7,1.5,.79,3.5
2020,16,6,17.8,6.7,11.2,89.7,50.2,75.2,.36,4.37,0,12.6,9.9,11.1,12.2,11.9,12.1,1.6,.5,116,68,6.9,1.5,.5,1.4,.99,6.8
2020,17,6,18.3,1.4,9.8,98.5,34.5,73.4,.44,13.65,0,15,7.7,11,12.2,12,12.1,1.4,.8,243,52,6.5,1.4,2.2,1.7,.84,4.4
2020,18,6,20.9,1,9.6,96,20.6,64.7,.59,13.94,0,15.1,7.5,11,12.3,12,12.2,1.5,.2,317,75,5.3,2.3,2.5,2.1,.7,1.8
2020,19,6,23.9,1.6,11.6,88.9,19.7,56.5,.81,13.94,0,16.4,7.8,11.7,12.4,12.1,12.3,1.2,.5,41,63,4,3.6,2.7,2.2,.69,1.7
2020,20,6,22.7,5.4,13.8,84.6,29.1,60.2,.74,7.83,0,14.9,9.8,12.4,12.8,12.4,12.6,1.5,.8,75,56,6.7,3.4,1.6,2,.92,5.6
2020,21,6,16.4,10.5,12.6,94.5,43.5,83.1,.26,4.15,5.08,13.9,12.1,13,13.1,12.8,13,1.6,.8,228,59,6.7,1.3,.3,1.2,1.2,9.5
2020,22,6,17.9,8.2,12.3,100,52.7,84.9,.26,13.86,0,17.2,11.4,13.7,13.4,13.1,13.2,.7,.1,121,106,3.9,1.6,1.9,1.5,1.2,9.6
2020,23,6,20.3,2.5,11.2,100,40.8,81.8,.35,14.4,0,17.2,9.3,12.9,13.6,13.2,13.4,.8,.1,168,60,3.7,2.1,2.1,1.6,1.05,7.7
2020,24,6,20.6,2.7,11.4,100,37.4,77.2,.43,12.83,0,16.9,9.2,12.7,13.6,13.2,13.4,1,.6,160,46,4.2,2.3,1.9,1.7,1,6.8
2020,25,6,23.7,3.5,11.7,100,30.9,76.5,.47,14.5,0,17.8,9.2,13.1,13.6,13.2,13.5,1.1,.2,105,61,4.1,3.6,2.2,2,1,6.9
2020,26,6,23.9,3.7,12.5,100,34,73.2,.53,14.53,0,18.5,9.7,13.7,13.7,13.4,13.6,.9,.1,128,61,3.6,3.7,2.3,1.9,1.01,7.1
2020,27,6,25.8,6.6,14.6,99.5,16.4,57.1,.88,14.89,0,18.6,11.3,14.6,14.1,13.7,13.9,2.1,1.4,252,47,8.5,5,3.5,3.3,.86,4.4
2020,28,6,23.6,2.7,11.9,91.4,16.9,51,.83,15.09,0,18.4,10,13.8,14.3,13.9,14.1,1.4,.5,202,62,4.3,3.5,2.9,2.6,.65,.7
2020,29,6,17.3,1.5,9.3,94.8,30,63.7,.51,8.81,0,14.5,9.4,12.1,14.3,13.8,14,1.5,.4,355,64,6.7,1.1,1.4,1.7,.72,2.2
2020,30,6,22.3,3.1,11.7,84.9,16.9,47.7,.84,14.36,0,17.1,8.6,12.3,13.9,13.3,13.6,1.8,.8,336,57,5.1,3,3,2.8,.6,-.3
2020,31,6,24.8,.5,10.8,94.2,11.3,53.2,.85,15.88,0,17.7,8.3,12.6,13.7,13.2,13.5,1.1,.2,115,66,4.5,3.9,3,2.5,.59,-.7
2020,32,6,26.3,.7,11.8,93,14.8,52.2,.9,15.8,0,18.5,8.9,13.2,13.7,13.3,13.5,1.2,0,297,72,3.9,4.5,3,2.7,.64,.5
2020,33,6,27.4,2.7,13.5,88.4,16.9,51.5,1.01,15.91,0,19.4,9.5,14,13.9,13.5,13.7,1.3,.6,161,55,4.8,5.1,3.2,2.9,.7,1.9
2020,34,6,21.4,6.8,13.2,54.3,11,29,1.08,10.28,0,15.7,11.7,13.5,14.1,13.9,14,4.2,2.9,241,45,11.3,3,3.7,4.7,.45,-5.7
2020,35,6,17.3,-1.3,5.8,69.2,11,24.3,.73,16.3,0,15.2,7.7,11.1,14.1,13.4,13.8,2.3,1.5,256,48,5.7,.9,3.3,3.2,.21,-13.9
2020,36,6,14.5,-3.3,4.2,75.8,8.7,35.7,.6,13.74,0,13.2,5.9,9.2,13.5,12.6,13.1,1.9,.6,241,63,5.8,.2,2.5,2.5,.26,-11.5
2020,37,6,17.5,-2.7,6.4,72.1,14.9,39.2,.7,16.27,0,15.2,5.7,10,12.7,12,12.4,1.3,.2,193,69,4.6,1,2.9,2.3,.34,-7.9
2020,38,6,21.3,-1,8.6,79.9,16.6,50,.71,16.63,0,16.9,6.9,11.4,12.5,12.1,12.3,.9,.3,128,59,4.1,2.3,2.9,2.2,.51,-2.5
2020,39,6,24,-.4,10.6,86.4,18.9,52.9,.8,16.74,0,18,8,12.5,12.8,12.4,12.6,1.2,.4,145,61,3.5,3.4,3.1,2.6,.62,.1
2020,40,6,26,2,13.2,83.7,20.2,50.9,.94,12.97,0,16.5,9,12.8,13.1,12.8,12.9,2.4,1.5,180,46,9.4,4.4,3.4,3.7,.71,1.9
2020,41,6,24.9,8,13.6,99.2,44.4,76.3,.44,11.33,1.27,17.9,11.7,14.4,13.7,13.1,13.3,1.8,.8,197,56,8.6,4.8,1.9,2.6,1.15,9.1
2020,42,6,18.9,6.2,10.7,99.8,42.8,76.5,.34,13.88,0,16.9,11,13.6,13.8,13.6,13.7,1.8,.5,241,66,6.3,1.9,2.1,2.2,.96,6.4
2020,43,6,22.9,1.2,9.8,100,18.3,65.5,.56,17.37,0,18,8.9,13,13.9,13.4,13.7,1.7,.7,181,59,6,3.1,3.1,2.9,.73,2.2
2020,44,6,23.1,0,9.6,93,21.6,58.5,.66,17.62,0,18.6,8.5,13.1,13.8,13.3,13.6,1,.2,68,65,3.7,3.1,3.1,2.5,.65,.7
2020,45,6,23.1,3.6,12.1,89.6,20.7,54.1,.82,16.94,0,20.2,10,14.6,14,13.5,13.7,1.1,.4,212,59,4.4,3.4,3.3,2.6,.7,1.8
2020,46,6,23.3,2.2,12.2,90.1,17.6,50.1,.88,17.88,0,18.1,10.4,14.1,14.5,14,14.3,1.4,.5,128,60,3.5,3.4,3.5,2.9,.65,.8
2020,47,6,24,2,12,89.5,16.5,50.6,.89,17.95,0,17.7,8.9,13,14.5,13.9,14.2,1,.3,127,63,3.5,3.6,3.4,2.7,.65,.8
2020,48,6,26.9,3.5,13.4,89.3,15.9,48.5,1.01,17.93,0,17.8,9.2,13.2,14.3,13.9,14.1,1.3,.2,252,68,5.2,5,3.7,3.2,.67,1.3
2020,49,6,27.7,4.6,14.3,78.9,20.1,50.1,1,17.65,0,18.7,9.7,13.9,14.3,13.9,14.1,1,.3,143,61,4,5.6,3.5,3,.77,3.1
2020,50,6,25.3,6.7,15,84.2,23,50.8,1.03,17.45,0,20.3,11,15.1,14.6,14.2,14.4,1,.3,144,82,3.7,4.7,3.5,2.8,.8,3.7
2020,51,6,25.7,4.3,15.4,85.6,18.9,46.1,1.19,16.51,0,17.7,11,14.7,14.8,14.5,14.7,1.3,.4,303,165,4.6,4.7,3.7,3.1,.72,2.3
2020,52,6,22.6,14.9,18.4,56.7,32.5,42.5,1.23,12.18,0,17,14.6,15.7,15.1,14.8,15,4.7,4.4,67,18,11.8,6,4.4,4.9,.9,5.4
2020,53,6,20.2,12.4,15.8,100,45.2,83.2,.32,7.27,12.19,16.6,14.4,15.6,15.4,15.1,15.3,3.1,1.8,161,51,11.3,3.6,1.2,1.9,1.49,12.7
2020,54,6,18.5,7.5,13.3,95.7,42.4,70.2,.5,16.84,0,16.1,11.9,14.1,15.4,15,15.2,2.1,1.1,228,53,7,1.8,3,2.5,1.05,7.7
2020,55,6,21.5,4.9,12.9,100,36.4,74.4,.52,19.2,0,17.6,10.8,14.2,15.1,14.7,14.9,1.4,.5,225,61,5.7,2.9,3.4,2.7,1.05,7.6
2020,56,6,19.5,3.6,11.9,99.3,10,48.4,.86,19.98,0,15.8,10.9,13.4,15.1,14.8,14.9,3,2.6,6,29,11.6,1.9,4.9,3.8,.6,-.9
2020,57,6,18.5,2,10.6,66.4,11.8,35.2,.94,20.35,0,15.3,9,12.1,14.9,14.2,14.5,2.8,2.5,21,28,7.9,1.5,4.8,3.9,.41,-5.5
2020,58,6,23.5,1.2,12.2,83.6,15.3,47.4,.97,18.06,0,16.6,9.2,12.9,14.4,13.9,14.2,1.3,.7,7,46,4.8,3.3,3.7,3.1,.59,-.5
2020,59,6,25.3,5.6,14.8,84.9,13,50.9,1.04,12.93,0,16.6,11.2,13.8,14.4,14.1,14.2,1.4,.3,18,63,4.5,4.6,2.8,3,.78,3.3
2020,60,6,25.6,4.7,16.1,90,15.4,45.3,1.23,20.11,0,19.8,11.9,15.6,14.8,14.3,14.5,1.4,.5,133,61,4.4,4.6,4.4,3.6,.74,2.7
2020,61,6,24.7,8.2,16,71.5,14.4,37.5,1.28,19.43,0,19.2,13.5,16.2,15.4,14.8,15.1,2.9,2.2,169,39,8.4,4.7,5.3,4.8,.63,.3
2020,62,6,20.1,5.1,12.7,84.8,25.5,56.5,.73,18,0,17.9,12.6,15.2,15.6,15.2,15.4,2.9,2,175,43,10.3,2.3,4.1,3.5,.8,3.6
2020,63,6,22.5,8.1,15.2,88.4,21.5,52.4,.98,20.24,0,18.9,13.2,15.9,15.5,15.2,15.4,2.8,2.1,228,40,9.1,3.7,4.9,4.1,.83,4
2020,64,6,22.5,5.9,14.2,95.9,28.5,61.3,.78,20.73,0,20.2,13.2,16.6,15.8,15.5,15.6,1.5,.8,137,53,6.2,3.4,3.9,3.3,.93,5.8
2020,65,6,27.4,5.6,15.9,87.2,20.7,52.6,1.08,20.23,0,20.4,13.5,16.8,16,15.8,15.9,2,1.3,32,47,7,5.5,4.7,4.2,.88,5
2020,66,6,30,11.9,21.3,59.6,13.9,31.9,1.89,19.77,0,22.9,15,18.4,17,16,16.3,3.2,2.5,83,37,9.6,8.2,6.1,6,.76,3
2020,67,6,28.6,11.3,20.2,67.5,15.9,35.7,1.7,21.1,0,18.9,14.2,16.5,17.3,16.8,17.1,3.8,3.3,163,28,10.5,7.4,6.7,6.2,.79,3.3
2020,68,6,24.2,12.7,18,60.5,26.1,40.8,1.28,17.79,0,19.1,13.1,15.7,16.9,16.3,16.6,2.8,1.9,193,46,8.1,5.6,4.8,4.6,.83,4.2
2020,69,6,24.8,8.3,17.5,87,23,51.6,1.12,19.93,0,21.8,12.9,17,16.5,16.2,16.4,1.9,.8,150,59,6.9,4.8,4.5,3.8,.97,6.4
2020,70,6,23.5,14,18,100,40.9,69,.71,8.48,7.37,19.8,16.2,17.8,17,16.5,16.8,2.1,.7,360,64,6.1,5.9,1.7,2.6,1.39,11.7
2020,71,6,19.4,15.4,17,100,84.8,97.7,.05,7.11,8.13,19,16.5,17.6,17,16.9,17,1.5,.9,341,46,4.9,4.6,.6,1.3,1.9,16.6
2020,72,6,22.2,15.1,17.9,100,64.8,88.8,.25,7,3.05,19.1,16.6,17.6,17.2,17,17.1,2.1,1.4,129,40,13.7,5.9,.8,1.8,1.81,15.9
2020,73,6,19.6,10.1,14.4,100,41.4,79.9,.39,19.41,1.02,19.1,14.2,16.3,17.2,16.9,17,2.9,1.3,169,59,10.2,2.7,3.7,3,1.28,10.6
2020,74,6,23.6,6.3,14.7,100,32.8,74.2,.59,21.46,0,20.5,11.9,16.1,17,16.4,16.7,.9,.2,179,60,5.1,4,3.9,3.2,1.17,9.2
2020,75,6,25.5,9.1,16.4,100,24.6,70.3,.74,21.09,0,22.5,13.5,17.5,17,16.6,16.8,1.2,.5,234,58,5.1,5.4,4.1,3.6,1.21,9.7
2020,76,6,25.6,8.8,17.5,99.6,22.4,62,.95,20.86,0,23.2,14.4,18.6,17.5,17,17.2,1.8,1,200,48,6.3,5.3,4.5,3.9,1.14,8.8
2020,77,6,24,9.7,16.8,92.5,24.7,57.9,.93,21.56,0,22.3,15.4,18.6,17.9,17.4,17.6,1.8,1.2,186,44,8.6,4.8,4.7,3.9,1.05,7.6
2020,78,6,19.5,8.3,13.1,94.8,39.8,72.2,.45,7.98,8.38,17.8,13.3,15.4,18,17.4,17.7,3.5,2.8,155,37,18.6,2.4,1.6,2.6,1.07,7.9
2020,79,6,17.4,7.5,12.3,100,38.8,74.9,.42,18.94,.51,18.8,11.9,14.9,17.4,16.4,16.8,1.6,.6,157,59,6.9,1.4,3.1,2.7,1.04,7.4
2020,80,6,20.4,5.1,13.4,100,32.7,67.7,.63,20.18,0,20,11.2,15.3,16.7,16.2,16.5,1.2,.6,326,50,4.6,2.4,3.6,3,.98,6.6
2020,81,6,23,7.8,15.9,95.5,28.6,57.1,.92,23.3,0,21.3,12.5,16.7,16.8,16.4,16.5,1.8,1.1,225,50,6.9,3.8,4.9,4,.95,6.2
2020,82,6,22.7,9,16.1,90.3,27.2,57,.93,17.87,0,22,13.5,17.4,17.1,16.7,16.9,1.3,.2,14,70,4.8,3.9,3.5,3.2,.97,6.5
2020,83,6,25.2,11.8,18.4,83.9,24.2,52.1,1.15,22.95,0,23.9,15.4,19.3,17.7,17.1,17.3,2.3,1.8,223,39,9.9,5.8,5.6,4.7,1.03,7.2
2020,84,6,25.6,6.8,17.2,94.4,21.1,51.7,1.16,24.01,0,25.2,14.6,19.6,18.1,17.6,17.8,1.4,.7,216,49,6.4,4.9,5.2,4.1,.92,5.6
2020,85,6,25.8,9.4,18.1,72.7,20.7,44.2,1.34,20.97,0,24.9,15.3,20,18.4,18,18.2,2,.7,202,65,5.6,5.5,5,4.5,.84,4.5
2020,86,6,20.1,11.7,16.2,51.6,26.4,39.8,1.13,17.19,0,21.7,17,19.1,18.6,18.3,18.5,3.3,3.1,238,23,7.4,3.3,4.5,4.5,.73,2.3
2020,87,6,17.8,7.5,12.9,62.4,21.3,38.1,.96,23.05,0,21.4,14.6,17.7,18.5,17.9,18.2,3.4,3,239,28,9.9,1.6,5.6,4.6,.55,-1.5
2020,88,6,21.5,3,13,84.7,12.4,41,1.05,24.35,0,23.2,12.5,17.6,18.1,17.5,17.8,1.3,.1,124,68,5.2,2.7,4.9,3.8,.54,-1.8
2020,89,6,24.8,6.1,16.5,75.6,11,34.9,1.4,24.5,0,24.5,14.4,19.2,18.1,17.6,17.8,1.7,.9,235,53,8.8,4.4,5.8,4.6,.58,-1
2020,90,6,25.3,7.7,17.4,68.1,17.5,35.4,1.42,25.01,0,25.4,15.2,20,18.5,18,18.2,1.7,.9,242,53,6.3,4.9,5.9,4.8,.65,.8
2020,91,6,26.1,6.3,17.4,78.8,18.6,42.4,1.35,16.44,0,23,15.6,19.4,18.7,18.3,18.5,1.3,.4,306,62,4.6,5,3.7,3.7,.77,3.1
2020,92,6,29.8,11.3,20.9,69.5,14.8,36.6,1.79,24.02,0,26.6,16.9,21.3,19,18.4,18.6,2.1,1,220,55,8.1,7.9,6.4,5.6,.81,3.9
2020,93,6,28.8,11.8,20.6,48.2,14.2,27.8,1.92,25.23,0,24.6,17,21,19.5,19,19.1,2.9,1.6,219,52,10,7.6,7.5,6.5,.64,.6
2020,94,6,29.3,9.5,19.9,69.7,15.9,33.8,1.75,25.1,0,23.3,15,19.1,19.7,19,19.4,1.9,.6,214,65,8.4,7.3,6.4,5.5,.72,2.3
2020,95,6,29.4,11.9,20.2,72.3,10.8,33.9,1.81,25.39,0,22.8,14.3,18.4,19.3,18.6,18.9,2.5,1.5,167,52,8,8,6.8,6.2,.7,1.6
2020,96,6,29.4,9.7,20.4,57.8,12.6,28.6,1.9,25.64,0,25.2,14.6,19.7,19,18.5,18.8,2.7,1.6,177,49,10.6,7.4,7.3,6.4,.63,.3
2020,97,6,29.5,11.4,20.2,45.9,8.5,25.8,1.94,26.05,0,25.7,15.7,20.5,19.3,18.8,19,3.2,2.3,172,41,9.3,7.8,7.7,7.1,.55,-1.5
2020,98,6,29.3,9.1,19.8,55.7,13.5,31.1,1.77,25.52,0,26.5,16.1,21.1,19.5,19.1,19.3,2.1,1.3,178,48,8.5,7.1,6.7,5.8,.68,1.4
2020,99,6,27.4,11.6,19.1,71.4,23.4,43.7,1.39,23.74,0,24.9,17.5,21.2,19.8,19.5,19.6,3.9,3,200,39,13.9,6.9,7.1,6.4,.92,5.7
2020,100,6,22.6,7.4,15.4,78.9,20.5,45.5,1.09,26.49,0,25.3,16,20.6,20,19.4,19.7,1.6,.6,215,63,5.8,3.7,5.6,4.5,.73,2.4
2020,101,6,25,7.6,16.8,65.4,17.8,37.3,1.37,25.93,0,22.8,15,18.9,20.1,19.5,19.8,2,.7,239,64,8.6,4.7,6.1,5.1,.65,.8
2020,102,6,19.8,10.8,15.7,80.2,36.4,52.4,.87,16.45,0,18.3,14.7,16.5,19.7,18.9,19.3,3.2,2.6,176,35,10.8,2.9,3.8,4,.92,5.7
2020,103,6,25.8,9.1,17.1,87.2,26,54.9,1.09,25.74,0,24,12.9,18,18.9,18.1,18.5,2.9,1.7,169,50,7,5.4,5.8,5.4,.98,6.6
2020,104,6,25.1,10.6,18.7,70.9,29.5,47.2,1.23,22.72,0,24.3,15.5,19.8,19,18.6,18.8,2.7,1.9,227,46,8.6,5.5,5.6,5.1,1,6.8
2020,105,6,26.7,9,18.6,91,11.2,40.6,1.53,26.84,0,26.6,15.9,21,19.5,18.9,19.1,2,1.4,343,41,8.1,5.8,6.6,5.5,.73,1.5
2020,106,6,28.1,7.9,18.5,58.3,6.2,24.6,1.84,27.7,0,27.4,15.9,21.4,19.8,19.3,19.5,1.5,.6,230,61,6.1,6.3,6.7,5.4,.45,-4.3
2020,107,6,30,8.5,20.5,53.9,7.1,20.3,2.15,27.28,0,26.7,16.8,21.9,20.3,19.7,19.9,2.1,1,165,57,6.7,7.3,7.3,6.3,.43,-5.1
2020,108,6,31,9.4,20.9,57.8,5.6,22,2.18,24.54,0,22.1,15.6,19,20.7,20.1,20.4,3.8,3.1,170,33,12.1,8,8.4,8.1,.47,-3.9
2020,109,6,26,9.7,18.6,50.9,18.9,30.9,1.59,25.16,0,23.4,13.1,17.8,20.1,19,19.5,2.9,1.6,219,55,9.7,5.6,6.8,6.1,.64,.6
2020,110,6,28.5,11.1,20.3,60.3,18.1,33.9,1.75,26.83,0,27.2,15.3,20.9,19.6,19,19.3,2.3,1.2,200,55,6.9,7.3,6.8,6.1,.76,3
2020,111,6,30.7,12.9,22.6,57.4,11.5,28,2.2,27.52,0,28.9,17.5,22.9,20.4,19.6,19.9,2.5,1.3,214,55,7.5,8.9,7.7,6.8,.69,1.5
2020,112,6,27.8,13.4,21.5,49,17.1,29.8,1.91,27.63,0,28.2,18.8,23.5,21,20.3,20.6,2.7,1.6,234,52,10.7,7.9,7.7,6.6,.74,2.5
2020,113,6,32.7,11.7,23,68.4,11.8,32.4,2.23,27.56,0,29.7,18.8,24.1,21.3,20.8,21,1.9,1.1,275,47,8.7,9.1,7.5,6.4,.79,3.5
2020,114,6,35.5,14.2,26,53.2,9.6,22.8,2.89,27.82,0,31,20.2,25.5,22,21.3,21.6,1.9,1.2,239,46,9.2,10.9,8.1,7,.69,1.7
2020,115,6,36.5,15.9,27.1,48.3,8.6,23,3.07,27.97,0,28.9,21.4,25.3,22.7,22,22.2,1.8,.7,230,61,7.5,11.8,8.1,7.1,.73,2.4
2020,116,6,37.2,15.6,27.1,46.3,6.7,20.3,3.2,28.48,0,27.2,19.6,23.4,22.9,22.3,22.6,1.7,.7,337,60,7.4,11.8,8.3,7,.64,.5
2020,117,6,39,14.2,27.8,57.3,7.1,22.2,3.37,28.52,0,28.8,18.4,23.5,22.5,21.9,22.2,1.8,.5,223,67,7.5,11.5,8.4,7.3,.71,2
2020,118,6,39.1,18.5,29.1,40.5,7,18.5,3.63,26.95,0,32,20.5,25.8,22.8,22.2,22.4,2.8,1.5,193,55,8.9,13.3,9,8.8,.66,.9
2020,119,6,37.9,17.2,28,45.4,7.1,20.4,3.36,28.59,0,33.4,21.6,27.2,23.5,22.8,23,1.8,.9,169,55,6,12.6,8.2,7.3,.68,1.4
2020,120,6,39.6,18,29.5,38.8,8.9,21,3.63,28.16,0,34.7,22.9,28.5,24.1,23.4,23.7,1.6,.8,154,56,4.6,13.2,8.1,7.2,.78,3.4
2020,121,6,38.6,21.5,30,48.5,8.5,19.3,3.69,22.01,0,31.5,24.4,27.4,24.8,24.1,24.4,1.9,.4,198,68,7.3,14.6,6.8,6.9,.75,2.7
2020,122,6,39,17.2,28.7,35,6.1,16.2,3.66,29.13,0,28.8,20,24.4,24.9,23.9,24.4,2.1,1.3,184,48,6.5,12.8,8.8,8,.58,-.9
2020,123,6,37.9,18.4,28.1,39.3,8,19.6,3.36,28.91,0,30.2,18.7,24.2,24.1,23.2,23.6,2.3,1.2,208,54,7.9,13.1,8.8,8.1,.68,1.4
2020,124,6,36.1,15.2,27.3,54.6,11,21.3,3.12,28.78,0,32.7,20.7,26.4,23.9,23.4,23.6,2.4,1.2,228,56,8.1,11.4,8.8,7.9,.71,2
2020,125,6,36.6,18.1,27.6,40.7,7.5,19.9,3.21,29.12,0,33.8,22.3,27.8,24.5,23.9,24.1,2.1,.7,170,65,6.7,12.8,8.6,7.7,.67,1.1
2020,126,6,38.9,15.6,28.3,43.2,5.7,19.5,3.53,29.45,0,34.8,22.9,28.6,25,24.4,24.6,1.6,.2,200,72,5.5,12.1,8.3,7.2,.65,.6
2020,127,6,41.4,17.2,29.2,42.4,4.7,18.2,3.83,29.58,0,35.4,23.7,29.4,25.5,24.9,25.1,1.6,.4,195,65,6.3,13.1,8.7,7.5,.62,0
2020,128,6,40.8,16.2,30.4,39,5.1,14.4,4.1,29.61,0,32,24.2,28.1,25.8,25.4,25.5,2,.7,214,63,8.4,12.5,9.1,8.1,.56,-1.4
2020,129,6,39.3,18,30.3,38.6,7.4,18.4,3.85,26.48,0,28.7,21.2,25.1,25.9,25,25.5,2.2,1.1,186,56,7.8,13.1,8.4,8,.73,2.1
2020,130,6,38.5,19.2,30.2,56.1,13.4,26.3,3.45,25.95,0,30.8,20.8,25.7,25.1,24.4,24.7,1.8,.4,175,67,8.8,13.6,7.6,7.1,1.06,7.8
2020,131,6,38,22.3,30.1,65.5,13.4,31.3,3.17,23.96,0,34,23.7,28.2,25.2,24.7,24.9,2.8,.9,67,66,9.9,14.8,7.9,8.1,1.23,9.9
2020,132,6,37.7,17.9,28.5,66.9,6.2,27.2,3.23,29.27,0,34.5,24,29.1,25.7,25.2,25.4,2.1,1.4,207,44,7.8,12.9,8.8,7.8,.88,4.4
2020,133,6,35.2,19.1,27.5,40.9,10.9,20.5,3.1,29.5,0,34.4,24.1,29,26,25.6,25.8,3,2,218,47,9.9,13.1,9.3,8.8,.7,1.6
2020,134,6,33,17,25.5,52.6,16.7,28.5,2.49,29.09,0,34,24.1,28.9,26.2,25.8,26,2.3,1.8,234,36,6.6,11.6,8.1,7.4,.89,5.2
2020,135,6,32.8,15.9,25.1,59.4,14.5,29.9,2.43,27.3,0,32.2,23.9,27.9,26.4,25.8,26.1,2,.8,174,61,5.5,11.1,7.3,6.7,.88,5
2020,136,6,34.8,17,26.3,47.5,12.4,26.9,2.73,29.41,0,29.2,21.7,25.5,26.4,25.5,26,2,.9,203,60,7.5,12,8.2,7.4,.85,4.6
2020,137,6,36.8,18.3,28.7,46.5,9.9,23.1,3.29,29.48,0,30,20,24.9,25.6,24.8,25.2,2.1,.8,206,63,6.1,13,8.6,7.9,.83,4.1
2020,138,6,38.6,19.3,29.4,35.2,4.8,19,3.63,29.69,0,33,21.5,27.1,25.3,24.7,25,2.9,2.2,175,40,9.4,13.6,9.8,9.3,.69,1.4
2020,139,6,38.3,17.5,28.2,46.3,7.5,21.7,3.33,29.84,0,33.5,23,28.3,25.7,25.2,25.4,3.2,2.9,184,28,10.2,12.8,10,9.7,.75,2.6
2020,140,6,32.2,17.2,25.2,36.4,8.4,20.9,2.63,29.85,0,32.7,23.6,28,26,25.5,25.8,3.8,2.8,240,41,13,11.5,9.8,9.1,.67,.6
2020,141,6,30.5,11.7,22.4,46.7,7.4,19.2,2.38,30.62,0,32.8,22.2,27.4,26.1,25.5,25.8,1.7,.5,225,66,6.8,8.4,8,6.6,.46,-4.1
2020,142,6,33,12.6,23.5,55,5.7,18.4,2.66,30.99,0,32.7,22.1,27,26,25.4,25.7,1.6,.3,186,69,5.4,9.5,8.3,6.9,.45,-4.4
2020,143,6,35.8,16.7,26.3,44.8,5.9,17.1,3.12,30.34,0,27.6,20,23.9,26.1,25,25.5,2.7,1.9,168,43,6.2,12.1,9.1,8.7,.52,-2.4
2020,144,6,34.3,16.2,26.4,43.5,7.4,17.8,3.06,30.01,0,28.4,18.1,23.1,25.1,24.1,24.5,2.7,1.6,211,52,7.8,11.5,9.2,8.3,.54,-1.8
2020,145,6,34.5,16.8,26.9,41.8,5.2,18.3,3.11,30.34,0,32.2,20.5,26.3,24.7,24.1,24.3,2.4,1.8,221,42,10.1,11.9,9.1,8.1,.58,-1.1
2020,146,6,36.2,16.2,27.4,40.3,5.5,15.3,3.35,30.84,0,33.9,22.3,27.9,25.2,24.6,24.8,1.7,.4,319,67,6.7,11.9,8.8,7.4,.5,-3
2020,147,6,39.2,14.3,28.7,49.3,5.2,16.7,3.76,30.8,0,35.3,23.3,29.2,25.9,25.2,25.4,1.5,.2,208,71,6.3,11.5,8.8,7.4,.55,-1.8
2020,148,6,41.4,19.6,31.6,29.7,6.6,15.1,4.32,30.51,0,35.9,24.9,30.4,26.5,25.8,26.1,2.6,1.5,211,52,7.8,14.1,9.9,9.5,.65,.7
2020,149,6,42.4,22.9,34,26.7,6.3,14.6,4.85,30.1,0,36.3,26.9,30.5,27.3,26.5,26.8,2.9,2,219,45,9.2,15.3,10.4,10.2,.72,2.2
2020,150,6,43.8,23.1,34.5,35.3,8.1,17.6,4.91,29.79,0,30.8,22.9,27,27.4,26.5,26.9,2.1,1.1,170,54,6.1,15.4,9.5,9,.89,5.2
2020,151,6,43,23.5,33.3,54.9,11.2,26.7,4.13,29.26,.25,33,22.7,27.4,26.6,26,26.3,2.6,1.4,147,53,11.2,15.6,9.6,9.5,1.25,9.9
2020,152,6,41.9,23.5,33.2,69.1,8.1,23.2,4.27,30.06,0,36.7,24.8,30.5,26.9,26.2,26.4,2.3,1.6,221,44,7.2,15.5,9.6,9,1.03,6.9
2020,153,6,41.3,22.7,32.5,57.5,10.1,24.5,4,29.83,0,37.7,26.8,32.1,27.6,26.9,27.2,2.2,.6,219,68,9.9,15.2,9.3,8.8,1.1,8.2
2020,154,6,40.9,26.6,34.2,55.3,11.2,25.8,4.23,28.35,0,38,29.4,33.4,28.4,27.6,28,2.2,.8,259,64,6.7,16.5,9,8.6,1.29,10.5
2020,155,6,43.3,25,35.1,47,9.1,20.9,4.81,29.81,0,39.2,29,34,29,28.4,28.6,1.9,.9,207,56,6.3,16.1,9.3,8.6,1.08,7.9
2020,156,6,43,25.7,35.5,40.7,10.7,20.5,4.88,28.37,0,36.8,29.7,33,29.5,29,29.2,2.4,1.3,208,54,6.1,16.3,9.3,9.1,1.11,8.4
2020,157,6,41.6,24.1,33,39.6,8.1,17,4.37,19.29,0,30.9,23.7,27.1,29.7,28.4,29.1,3.1,2.5,176,34,8.8,15.7,7.6,9.2,.81,3.8
2020,158,6,34.7,19.2,27.3,59.8,16.8,32.6,2.61,30.08,0,32.3,21.1,26.2,28.4,27,27.5,2.8,2,201,41,9.3,13.1,8.6,8.2,1.12,8.5
2020,159,6,35.9,19.7,28.3,55.1,8.5,26.4,3.05,30.48,0,34.5,23.9,29.1,27.4,26.9,27.1,2.8,2.4,225,30,8.9,13.5,9.4,8.7,.93,5.1
2020,160,6,32.3,16.4,25.6,56.8,3.8,17.4,2.88,31.42,0,33,24.4,28.5,27.6,27.1,27.4,3.4,2.6,264,38,11.1,11.2,10.2,9,.5,-4.8
2020,161,6,34.2,14.1,25.4,32,5,12.6,3.05,31.87,0,33.8,23,28.4,27.5,26.8,27.2,2.2,1.4,337,50,7.2,10.5,9.4,8.1,.38,-6.9
2020,162,6,39.3,12.7,28.3,63.1,4.1,16,3.74,31.63,0,35.9,23.8,29.8,27.5,26.9,27.2,1.5,.4,192,67,4.9,10.9,9,7.6,.49,-3.2
2020,163,6,42,18,31.4,42.6,4.6,15.3,4.42,30.84,0,36.3,25.6,30.3,28.1,27.4,27.6,1.7,.8,243,56,8.3,13.4,9.3,8.1,.58,-.9
2020,164,6,42.4,20,32.4,43.1,6.1,16.6,4.44,30.51,0,29.9,23,26.8,28.3,27.4,27.8,2.2,1,192,59,7.3,14.3,9.7,9,.73,2.5
2020,165,6,41.7,20.8,31.1,42.6,3.4,14,4.28,30.49,0,30.9,21.6,26,27.4,26.5,26.9,2.8,1.8,204,47,9.1,14.5,10.5,9.9,.54,-2.2
2020,166,6,41.2,17.5,30.1,28,3,12.7,4.12,31.12,0,34.2,22.2,28.3,26.8,26.3,26.6,2.9,2.2,171,38,9.3,13.1,10.6,10.1,.48,-3.6
2020,167,6,41.8,20.5,31.2,27.1,6.7,15.5,4.17,30.48,0,35.7,24.5,30,27.3,26.8,27,2.8,2.2,161,36,9.5,14.4,10.2,9.9,.68,1.2
2020,168,6,41.8,18.7,31.2,38.5,3.7,15.8,4.23,31.19,0,35.9,25.7,30.9,27.9,27.3,27.5,3.1,2.7,181,29,12.4,13.7,10.9,10.5,.62,.1
2020,169,6,39.9,22.2,30.5,29.3,6.5,15.3,3.96,31.05,0,36.8,26.4,31.3,28.2,27.7,27.9,3.1,2.2,168,45,7.7,14.9,10.4,10.2,.63,.3
2020,170,6,39.7,20.2,29.8,37,5.5,15.5,3.83,31.08,0,37,26.4,31.6,28.5,28,28.3,2.1,1.6,169,39,7.8,14.1,9.3,8.5,.6,-.6
2020,171,6,38.8,17,29.3,45.3,5.5,18.5,3.68,31.27,0,32.8,26.6,29.9,28.8,28.3,28.5,1.7,1.1,155,46,6.7,12.7,9,7.9,.65,.6
2020,172,6,40.6,19.4,31.3,37.3,4.7,16.9,4.16,30.8,0,30.7,23.5,27.2,28.6,27.7,28.2,1.9,.8,189,58,6.2,13.9,9.3,8.3,.68,1.4
2020,173,6,42,21.9,32.7,31,6.7,14.9,4.56,30.75,0,33.9,21.3,27.4,27.8,26.9,27.3,2.1,.9,200,58,7.1,15,9.6,8.8,.68,1.4
2020,174,6,42.3,23.5,33.6,23.8,5.9,13.6,4.79,30.58,0,37.3,25,31,27.9,27.2,27.4,2.5,1.3,206,56,6.6,15.6,10,9.5,.67,1.1
2020,175,6,42.8,22,33.3,34.1,5.8,16.3,4.67,30.29,0,37.9,27.1,32.3,28.6,27.9,28.2,2.3,1.4,211,51,6,15.1,9.9,9.3,.74,2.5
2020,176,6,43.2,21.9,33.4,42.1,3.4,19.6,4.6,29.78,0,38.6,27.6,33.1,29.1,28.5,28.8,1.7,.9,175,51,5.7,15,9,8.1,.87,4.6
2020,177,6,43.7,24.1,34,32,2.8,13.4,4.98,28.19,0,37.6,28.6,31.9,29.6,29.1,29.3,2.7,1.3,181,54,7.5,15.8,10,9.8,.62,-.3
2020,178,6,43.1,21.5,33,35.7,4.3,14.4,4.69,28.98,0,30.2,23.7,27,29.7,28.4,29,2,1.3,197,45,7.2,14.8,9.4,8.7,.65,.5
2020,179,6,41.6,21.9,33.2,39.9,8.4,18.4,4.47,29.63,0,31.9,22.2,26.9,28.4,27.3,27.8,2.6,1.7,190,49,7.5,14.9,9.9,9.5,.87,4.9
2020,180,6,39.9,23.7,32,30.7,11,18.6,4.07,29.71,0,35.3,24.3,29.5,27.8,27.3,27.5,4.3,3.6,171,33,10.5,15.5,11.2,11.6,.86,4.7
2020,181,6,37.9,24,30.7,36.9,10.5,19.3,3.71,29.72,0,35.8,26.7,31,28.4,27.8,28,3.9,3.4,195,27,9.1,15.4,10.6,10.6,.83,4.2
2020,182,6,37.9,20.4,29.2,52.6,8.7,25.7,3.28,30.09,0,36.1,26.3,31,28.6,28.2,28.4,2.8,2.2,169,38,8.4,14,9.4,9.1,.96,6
2020,183,6,39.9,18.6,30.5,45.6,10.7,22.3,3.7,30.12,0,36.3,26.6,31.5,28.9,28.4,28.6,2.7,1.9,187,41,9.4,13.4,9.8,9.2,.92,5.5
2020,184,6,38.2,21.6,31.2,55.3,17.1,30.1,3.37,29.59,0,36.4,27.8,31.4,29.2,28.8,29,2.4,1.9,169,32,9.8,14.6,9,8.3,1.36,11.1
2020,185,6,40.1,26.7,33.2,59.7,21.2,38.2,3.4,29.26,0,33.4,26.2,29.5,29.4,28.7,29,2.3,1,162,58,6.1,16.5,8.7,8.5,1.85,16.1
2020,186,6,42.5,25.4,34.9,62.5,14.1,29,4.26,29.59,0,32.4,25.4,28.9,29,28.3,28.6,2.1,1.4,237,43,7.5,16.2,9.3,8.6,1.52,13.2
2020,187,6,43.4,25.9,35.5,45.6,8.6,22.2,4.84,29.83,0,38,25.4,31.5,28.8,28.2,28.5,2.4,1.6,223,46,6.7,16.4,9.8,9.3,1.17,8.9
2020,188,6,43.6,22.7,34.9,47.1,8.2,17.8,4.94,30.23,0,39.5,28,33.7,29.6,28.8,29.1,1.9,.9,212,55,7.3,15.4,9.7,8.7,.93,5.8
2020,189,6,43.5,25.7,35.1,45.8,7.4,22,4.74,29.33,0,40.2,29.3,34.6,30.2,29.6,29.9,1.6,.3,184,65,6.7,16.3,9,8,1.16,8.9
2020,190,6,43.4,27.1,36.2,49.1,13.4,25.3,4.71,29.19,0,40.9,30.9,35.7,30.9,30.2,30.5,2.5,1.3,223,55,7.3,16.8,9.7,9.4,1.44,12.4
2020,191,6,42.9,26.7,35.5,40.4,8.6,21.5,4.83,29.13,0,38.2,31.3,34.4,31.5,30.9,31.1,2.1,1.3,218,50,7.6,16.5,9.4,8.8,1.16,8.8
2020,192,6,44.2,27.8,36.7,52.9,14.2,25.7,4.8,28.47,0,33.4,27.5,30.3,31.6,30.6,31.1,2.6,1.5,259,51,8.6,16.9,9.6,9.5,1.52,13.1
2020,193,6,44.3,32,38.2,39.7,14.5,22.7,5.33,28.73,0,37.7,26.2,31.8,30.6,29.7,30.1,3.2,2.5,230,38,10.3,17.2,10.5,10.8,1.48,12.8
2020,194,6,46.3,30.6,38.5,40.5,12.1,24.7,5.4,28.89,0,41.2,30.7,35.8,31,30.2,30.5,2.2,1.2,220,53,9.4,17.2,9.6,9.4,1.6,14
2020,195,6,43.4,28.9,37.1,47.1,14.3,23.8,4.98,21.12,0,39.2,32.5,35.7,31.6,31,31.4,2.5,1.3,184,53,7.6,17.1,7.7,8.4,1.46,12.6
2020,196,6,43.6,27.1,35.6,49.9,13.9,27.8,4.49,28.63,0,40.9,31.2,35.8,31.9,31.4,31.6,2.4,1.5,203,49,7.2,16.7,9.4,9.2,1.52,13.2
2020,197,6,43.2,26,35.3,46.4,12.5,25.5,4.56,28.7,0,41.3,31.5,36.2,32.2,31.7,32,2.5,1.3,157,55,7.6,16.3,9.4,9.3,1.37,11.5
2020,198,6,43.5,25.2,35.8,51.7,10.7,22.8,4.9,28.88,0,39.2,31.3,34.8,32.5,32.1,32.3,2.3,.6,208,65,9.1,16.2,9.6,9,1.2,9.4
2020,199,6,42.4,26.1,35.6,49.4,11.7,24.3,4.64,28.14,0,32.9,27.2,29.9,32.5,31.2,31.9,2.2,.2,257,75,8.1,16.4,9.1,8.7,1.32,10.9
2020,200,6,42.8,28,36.8,43.1,12.5,20.8,5.1,27.44,0,36,26.3,30.8,31.2,30.3,30.7,2.7,2.1,233,38,8,16.9,9.6,9.5,1.22,9.8
2020,201,6,42,32.5,37.2,32.4,9.5,19.1,5.25,22.39,0,38,30,33.5,31,30.5,30.7,3.2,2.9,238,24,9.4,17.2,8.8,9.7,1.17,8.9
2020,202,6,40.5,30.4,35.5,36.6,9.4,17.9,4.81,16.37,0,36.4,31.2,33.4,31.2,31,31.1,2.8,2.2,228,37,8.4,17.2,6.9,8.1,1.01,6.9
2020,203,6,42.7,29.5,36.3,36.9,9.9,21.4,4.94,27.14,0,39.7,30.8,34.7,31.4,31,31.2,2.9,2,210,45,12.3,17.2,9.6,9.8,1.23,9.6
2020,204,6,41.4,26.5,34.7,55,16.3,31.7,4.03,27.65,0,40.8,31.8,36.1,32.1,31.4,31.7,1.9,.8,184,59,7.8,16.5,8.5,8,1.65,14.4
2020,205,6,34.5,27,31.1,62.5,35.9,45,2.51,20.93,0,35.9,29.1,33.2,32.4,32.1,32.2,4.4,4.1,139,23,11.7,16.4,7.5,8,2.03,17.7
2020,206,6,39.1,24,30.5,74.8,24.3,50.5,2.45,26.3,0,32.5,26.7,29.2,32.2,30.8,31.4,2.7,.8,65,64,12.1,15.6,7.7,8,2.07,17.9
2020,207,6,40.1,23.6,32.4,79.4,11.5,40.6,3.28,27.5,0,34.5,25.9,29.9,30.8,29.9,30.3,1.5,.2,14,70,6.9,15.5,7.8,7.1,1.77,15
2020,208,6,42.8,25.6,34.7,51.4,9.5,26.1,4.44,28.68,0,38.8,27.9,33.1,30.7,30.1,30.2,1.3,.2,61,65,6.6,16.2,8.5,7.3,1.3,10.4
2020,209,6,43,25.5,35.5,49.3,15.1,25.7,4.57,27.93,0,39.7,29.8,34.6,31.3,30.7,30.9,1.9,1,135,53,7.6,16.3,8.8,8.2,1.44,12.2
2020,210,6,44.7,26.9,36.5,60.9,11.6,29.9,4.7,27.89,0,40.9,31.6,36.1,32,31.3,31.6,1.6,.4,12,63,6.9,16.7,8.7,7.9,1.67,14.4
2020,211,6,45.5,27.9,37.8,35.1,9.2,18,5.64,28.27,0,40.9,32.2,36.4,32.6,32,32.2,2.5,1.4,251,53,8.2,16.9,9.9,9.5,1.11,8.4
2020,212,6,46.3,32.5,39.2,39.9,9.8,20.3,5.92,28.49,0,41.1,32.9,36.8,33,32.5,32.7,2.9,2.6,250,26,7.8,17.2,10.4,10.5,1.35,11.2
2020,213,6,46.4,32.2,39.1,40.1,10,22,5.7,28.18,0,41.1,33.5,37.1,33.3,32.9,33.1,3.1,2.7,232,31,9.1,17.2,10.5,10.8,1.49,12.8
2020,214,6,43.7,30.9,37.4,52.9,19.9,34,4.46,27.05,0,41.4,33.6,37.3,33.6,33.2,33.4,2.9,1.8,218,50,7.7,17.2,9.2,9.5,2.1,18.2
2020,215,6,42.2,31,36.6,46,20.1,30.3,4.4,20.61,0,39.2,34,36.6,33.8,33.5,33.7,2.7,.9,194,66,7.7,17.2,7.4,8.3,1.82,15.9
2020,216,6,44.9,27.4,36.3,51.9,10.3,27.3,4.77,26.77,0,40.5,32.3,36.3,33.8,33.2,33.5,2.2,1.2,204,53,8.8,16.8,8.9,8.8,1.51,12.7
2020,217,6,43.4,27,35.5,51.7,10.7,25.7,4.59,25.92,0,40.4,32.6,36.3,33.8,33.3,33.6,2.5,1.4,179,54,7.9,16.7,8.8,8.8,1.38,11.5
2020,218,6,43.8,27.1,35.4,54,6.9,24.1,4.73,27.95,0,39.8,32.5,36,33.9,33.4,33.6,3,1.9,197,49,10.1,16.7,10.1,10,1.25,9.2
2020,219,6,42.8,24.2,33.7,33.9,9.3,18.5,4.61,27.92,0,37.7,30.9,33.7,33.8,33.2,33.5,2.1,.9,212,59,8.1,15.8,9.1,8.3,.91,5.5
2020,220,6,42.1,24.8,34.2,50.9,13.9,23.3,4.39,26.58,0,32.8,26.4,29.7,33.5,32,32.7,1.8,.3,145,71,5.4,16,8.3,7.6,1.19,9.5
2020,221,6,43.7,25.7,35.5,45,9.5,22.4,4.81,27.7,0,32.8,25.9,29.4,32,31,31.4,1.9,.4,222,68,6.4,16.3,8.8,8.1,1.18,9.1
2020,222,6,43.8,24.8,34.8,41.5,5.9,15.9,5.09,27.95,0,36.6,26.4,31.3,31.2,30.7,31,1.8,.6,234,62,7.2,16,9.1,8,.78,3.2
2020,223,6,43.9,24.2,35.3,37.3,8,17.1,5.11,27.8,0,37.7,28.6,33.1,31.6,31.1,31.3,2.2,.9,235,61,8.1,15.9,9.5,8.7,.89,5.3
2020,224,6,43,27.2,35.5,44.7,14.4,26.4,4.49,26.9,0,38.8,30.7,34.6,32.2,31.6,31.8,2.7,1.1,194,62,11.8,16.8,9,9.2,1.46,12.5
2020,225,6,43.2,26.5,35.1,53.1,16.2,31.1,4.24,26.3,0,39.3,31.6,35.3,32.7,32.2,32.4,1.6,.4,295,62,7.2,16.5,8.1,7.3,1.64,14.3
2020,226,6,46,27.6,36.6,49.4,12.5,26.5,4.91,23.98,0,38,31,34.3,33.1,32.7,32.9,2.2,.8,220,63,10.2,16.8,8.2,8.4,1.49,12.8
2020,227,6,46.6,26.1,37.4,50.5,8.6,23.3,5.48,26.77,0,33.8,28.2,30.7,33.2,32.1,32.6,1.8,.9,251,53,7.2,16.5,8.8,8.1,1.31,10.8
2020,228,6,45.2,31.4,38.7,44.6,14.1,26.9,5.24,26.51,0,35.1,27.7,31.1,32.1,31.3,31.7,3.1,2.4,236,38,10.9,17.2,9.7,10,1.77,15.5
2020,229,6,45.9,27.9,36.5,51.9,13.9,28.5,4.68,26.34,0,38.4,30,34,32.2,31.6,31.8,2.6,.7,122,66,15.6,17,9.2,9.4,1.64,14.4
2020,230,6,45,26.6,36.5,58.9,12.1,27.8,4.83,25.8,.25,38.5,31.5,34.8,32.8,32.2,32.5,2.5,1,92,61,19,16.6,8.9,8.9,1.54,13.2
2020,231,6,44.6,26.1,36.1,66.9,11.2,28.7,4.79,24.74,0,38.7,31.3,34.7,33,32.6,32.8,1.6,.3,11,64,13.3,16.5,8,7.3,1.47,12.3
2020,232,6,45.4,28,37.5,49.1,11.2,24.5,5.22,25.42,0,41.3,32.2,36.4,33.4,32.9,33.1,1.8,.6,278,61,6.3,16.9,8.3,7.7,1.47,12.6
2020,233,6,43.3,23.5,36,91.6,17.4,36.5,4.21,23.98,1.52,36.9,30.7,34.8,33.7,33.4,33.6,4.1,2,210,58,17.5,15.7,9,10,1.97,17.1
2020,234,6,38.4,25.1,31.5,87.7,28.8,53.4,2.42,15.97,0,30.7,28.3,29.4,33.7,32.2,32.9,2.7,1.4,236,52,9.8,15.9,5.1,6.1,2.31,19.7
2020,235,6,40.7,27.7,34.3,72.1,26.4,45.2,3.2,24.13,0,33.7,27.2,30.2,32.2,31.2,31.5,2.6,1.4,223,54,6.6,16.8,7.6,7.8,2.33,19.9
2020,236,6,42.9,28.4,35.6,66.1,18.2,36.9,3.94,24.4,0,38.8,28.8,33.3,31.7,31.1,31.3,1.4,.5,161,56,5.6,17,7.4,6.7,2.03,17.6
2020,237,6,45.2,27,36.6,61.6,12.1,30.3,4.71,23.29,0,39.7,30.6,34.9,32.3,31.7,31.9,1.7,.5,131,59,13.6,16.7,7.5,7.2,1.67,14.5
2020,238,6,44,27.5,36.1,54.5,13.8,29,4.58,21.27,0,39.3,31.8,35.4,32.8,32.3,32.5,1.6,.6,64,58,7.2,16.8,6.9,6.7,1.61,14
2020,239,6,43.8,27.5,34.8,53.7,13.6,32.8,4.03,20.19,0,39.1,31.6,35.1,33,32.6,32.8,1.6,.9,143,45,9.6,16.8,6.4,6.5,1.72,15
2020,240,6,44.5,28.5,36.1,51.4,13.4,30.6,4.45,23.17,0,36.3,30.8,33.8,33.1,32.8,32.9,2.4,.8,151,63,8.7,17,7.9,8.3,1.7,14.8
2020,241,6,43.3,27.8,35.5,57.5,13.2,28.4,4.44,21.73,0,33.5,28.2,30.3,33,32,32.5,1.6,.7,215,52,8.7,16.8,7.1,6.7,1.52,13.1
2020,242,6,40.7,26.4,33.2,79.4,22.2,42.5,3.19,22.24,.51,34.8,26.7,30.2,32,31.1,31.5,3.3,1.9,166,53,17.9,16.4,7.4,8.3,2.05,17.8
2020,243,6,37.9,23.4,28.7,85.1,25.7,59.4,1.81,19.83,.25,36.7,27.4,31,31.4,30.9,31.2,2.5,.6,224,65,11.5,15.2,5.8,6.3,2.23,19.1
2020,244,6,37.9,20.9,30,89.2,24.8,50.7,2.46,24.57,0,37,27.3,31.9,31.3,30.8,31,1.7,.8,217,52,6.3,14.3,6.8,6.2,1.98,17.3
2020,245,6,38.6,26,32.7,67.8,24.5,41.7,3.06,23.67,0,37.2,29.4,33.1,31.5,31.1,31.3,2.9,1.9,200,47,7.1,16.3,7.7,7.7,1.99,17.4
2020,246,6,39.1,25.5,32.3,75.1,20.4,44.7,2.92,24.09,0,38.2,30.1,33.9,31.9,31.5,31.6,2.2,1.1,220,56,11.9,16.1,7.2,7,2.04,17.6
2020,247,6,41.6,26.9,34.5,66.5,14.6,36.5,3.75,24.46,0,38.6,30.7,33.5,32.3,31.8,32,2,1,246,53,6.6,16.6,7.6,7.2,1.86,15.9
2020,248,6,45.1,24.2,34.9,54,7.7,26.7,4.6,24.5,0,33.6,26.9,30.1,32.4,31.4,31.9,1.5,.5,150,61,5.5,15.9,7.6,6.8,1.32,10.7
2020,249,6,45.2,25.1,36.2,44.8,8.5,20.3,5.23,24.35,0,34.1,25.6,29.5,31.5,30.5,31,2.3,1.3,95,52,8.8,16.1,8.6,8.2,1.11,8.3
2020,250,6,44.2,25.6,34.9,49.2,9.7,23.5,4.66,24.21,0,37.4,27.2,32,30.9,30.4,30.7,1.3,.5,124,57,4.2,16.3,7.5,6.4,1.2,9.5
2020,251,6,42.2,26.7,34.7,45.7,14.3,29.2,4.17,24.02,0,37.1,28.8,32.9,31.3,30.9,31,3.2,1.9,206,53,8.4,16.5,8.8,9,1.55,13.3
2020,252,6,36.9,22.9,30.9,77.3,11.9,38,2.81,17.62,1.02,34.6,28.8,31.9,31.5,31.2,31.4,3.9,2.5,220,49,9.9,14.9,6.8,7.5,1.72,14
2020,253,6,31.8,17.6,24.6,34.3,11.9,20,2.59,24.68,0,33.5,25.1,29.1,31.5,30.5,30.9,2.2,1.6,245,43,8.5,11.7,7.3,6.4,.59,-.4
2020,254,6,32.9,15.8,24.5,52.4,11.4,25.3,2.48,23.64,0,31.6,24.8,28.1,30.7,29.8,30.2,1.8,1,12,53,6.6,11.1,6.6,5.8,.74,2.4
2020,255,6,31.6,14.6,23.1,65.4,23.1,36.9,1.95,12.6,0,26.7,21.9,24.4,29.9,28.6,29.3,.8,.2,154,56,3.5,10.1,3,3.2,1.03,7.2
2020,256,6,35.4,15.4,25,63.8,16.7,36.9,2.28,17.34,0,27.4,20.6,23.7,28.6,27.5,28,1,.1,113,67,3.7,11.4,4.4,4.2,1.1,8.2
2020,257,6,38.5,16.5,27.4,66.9,15.1,35.8,2.78,18.63,0,27.4,20.9,24.1,27.6,26.9,27.2,1.2,.5,58,55,6.3,12.3,5.2,5,1.18,9.4
2020,258,6,38.9,20,30,58.7,10.6,27.6,3.39,21.87,0,31.4,21.7,26.1,27.2,26.7,27,1.5,.9,85,44,6.5,13.9,6.6,5.7,1.08,8
2020,259,6,39.4,20.9,30,51.9,11.2,30.2,3.27,21.61,0,33.3,23.9,28.2,27.7,27.1,27.3,1.2,.5,97,54,5.8,14.3,6.2,5.4,1.2,9.4
2020,260,6,41.7,18.6,30,63.4,6,26,3.61,22.38,0,34.1,24.7,29.1,28.1,27.6,27.8,1.4,.5,158,60,5.1,13.6,6.6,5.9,.96,6.1
2020,261,6,41.6,18.3,30.4,41.6,6.8,20.4,3.9,21.95,0,32,25.1,28.6,28.4,28,28.2,1.5,.5,124,63,6.8,13.5,6.7,6,.79,3.5
2020,262,6,40.6,20.4,30.9,47,8.9,22.1,3.84,21.05,0,28.9,23.4,26.2,28.5,27.9,28.2,1.4,.6,98,52,7,14.3,6.5,5.6,.91,5.5
2020,263,6,39.4,22.3,30.9,49.2,12.1,26.6,3.58,21.44,0,28.9,22.5,25.4,27.9,27.3,27.6,2.2,1.8,70,33,8.4,14.9,7.1,6.8,1.09,8.2
2020,264,6,40.4,19.2,30,60.7,9.9,26,3.59,21.19,0,32.2,22.4,27,27.5,27,27.2,1.1,0,351,71,5.3,13.8,6.1,5.1,.97,6.5
2020,265,6,39.6,24.4,31.6,45,13.9,26.4,3.69,18.38,0,32.3,25,28.4,27.8,27.4,27.5,2.2,.7,229,65,7.5,15.7,6.4,6.5,1.15,9
2020,266,6,38.6,25.2,31.7,54.9,15.1,29.7,3.43,15.28,0,32.4,26.9,29,28.1,27.8,27.9,1.9,.8,207,57,8.4,15.9,5.3,5.5,1.33,11.1
2020,267,6,39.7,20.6,30.8,59.8,11.9,26.7,3.58,21.48,0,33.5,25.5,29.3,28.3,27.9,28.1,1.7,1,236,47,6.3,14.2,6.7,5.9,1.08,8
2020,268,6,40.6,21.6,30.6,43.2,11,23.8,3.7,21.43,0,34,25.7,29.6,28.6,28.2,28.4,1.6,.5,184,66,5,14.7,6.6,6,.95,6.2
2020,269,6,40.1,21.8,31.2,48.1,10.8,22.1,3.87,21.32,0,34.5,26.1,30,28.8,28.4,28.6,1.7,.4,146,67,4.8,14.8,6.7,6,.93,5.8
2020,270,6,39.5,20,30.4,43,10.5,22.4,3.67,21.73,0,34.9,26.5,30.4,29.1,28.7,28.9,2.1,.8,175,61,7.6,14,7.1,6.6,.9,5.4
2020,271,6,38.7,21.1,29.1,43.4,8.2,24.4,3.36,21.92,0,34.6,26.2,30.1,29.2,28.8,29,1.8,.5,145,65,5.9,14.3,6.7,5.9,.88,4.9
2020,272,6,39.2,16.2,28.4,56.4,7.9,23.5,3.31,21.42,0,34.4,25.5,29.7,29.3,28.7,29,1.4,.6,100,57,4.2,12.4,6.2,5.3,.81,3.9
2020,273,6,38.2,22.6,29.8,43,9.3,21.2,3.48,21.21,0,33.8,26.7,29.7,29.1,28.7,29,3.3,2.9,69,28,9.5,14.9,7.7,8.1,.84,4.4
2020,274,6,39.7,16.5,28,58.6,7.1,24.2,3.32,21.43,0,34.1,25.1,29.3,29.1,28.6,28.9,1.1,.5,147,53,4.4,12.6,6,4.7,.8,3.6
2020,275,6,41,16.1,28.3,63.2,5.2,21.9,3.49,21.3,0,34.1,25,29.3,29.1,28.5,28.8,.9,.2,105,60,3.9,12.5,6,4.5,.72,2.1
2020,276,6,40.4,15.7,28.2,56,4.9,20.6,3.51,21.13,0,33.6,25,28.9,29,28.4,28.8,1.3,.2,189,66,4.4,12.3,6.2,5,.66,1
2020,277,6,40.5,17.5,28.1,55.5,4.2,18.8,3.51,21.14,0,28.4,22.2,25.2,29,28,28.5,1.6,.8,187,55,6.9,13,6.6,5.7,.61,-.3
2020,278,6,40,14.6,27.1,51.3,5.1,20.2,3.29,20.76,0,27.7,19.6,23.5,28,26.8,27.3,1.2,.6,127,54,4.7,11.8,5.9,4.9,.63,.3
2020,279,6,39.7,15.1,27.1,54.4,5.4,21.3,3.27,20.53,0,29,20,24.2,26.9,26.2,26.5,1.3,.3,70,66,5.7,12,6,4.9,.66,.9
2020,280,6,39.8,14.7,27,56.4,5.5,22,3.27,20.22,0,30.8,20.8,25.5,26.5,26,26.3,1.3,.2,22,69,4.7,11.8,6,5,.66,.8
2020,281,6,39.5,14.8,26.8,57.3,6,20.9,3.24,19.66,0,31,21.7,26.2,26.6,26.1,26.4,1.4,.2,359,69,5.3,11.8,5.8,5.1,.62,.1
2020,282,6,38.5,16.2,27.5,47.3,7.5,19.3,3.3,19.75,0,29.8,22.6,26.1,26.7,26.2,26.5,1.7,.8,166,57,5.9,12.2,6.1,5.4,.65,.7
2020,283,6,36.9,16.5,27,45.1,9.5,22.3,3.06,19.87,0,26.7,20.2,23.5,26.6,25.9,26.3,1.6,.4,122,66,5.8,12.1,6,5.1,.73,2.5
2020,284,6,36.1,18.1,26.7,53.2,8.1,25.5,2.85,19.52,0,25.3,19,22,26,25.2,25.5,2.9,1.9,151,48,8.8,12.8,6.7,6.8,.81,3.9
2020,285,6,34.3,17.5,25.3,50.1,14.3,29.6,2.47,19.09,0,28.6,19.3,23.5,25.3,24.7,25,1.6,.8,150,50,7.1,12.2,5.3,4.6,.9,5.4
2020,286,6,36.5,13.1,24.7,71.7,10.6,31.1,2.5,19.28,0,29.8,20.4,24.8,25.3,24.9,25.1,.9,.3,134,57,3.8,10.5,5,3.8,.87,4.9
2020,287,6,37.6,13,25.1,71.9,7.6,27.9,2.73,19.33,0,29.9,20.9,25.1,25.5,25.1,25.3,1.4,.2,53,70,4.2,10.7,5.4,4.6,.77,3.1
2020,288,6,38.5,13.6,24.9,64.9,5.4,25.6,2.8,19.28,0,29.8,21,25.2,25.6,25.2,25.4,1.4,.6,225,58,6.3,11.1,5.6,4.8,.67,1
2020,289,6,37.4,14.7,26,58.8,8.9,28.7,2.72,18.9,0,29,21.7,25.1,25.7,25.2,25.5,1.7,.7,196,57,5.9,11.4,5.6,5.1,.88,4.8
2020,290,6,37.7,14.7,25.6,57.3,7.4,26.7,2.82,18.34,0,25,19.5,22.4,25.7,24.9,25.3,1.6,.3,339,70,5.8,11.5,5.5,4.8,.76,2.9
2020,291,6,36.7,14.3,24.7,49.5,5.6,22.4,2.74,17.67,0,24.3,18.1,20.9,25,24.2,24.6,1.8,1.1,194,50,6.7,11.1,5.5,5.1,.6,-.4
2020,292,6,36.5,11.6,24.1,51.8,7,21.6,2.68,18.47,0,26,16.7,21,24.3,23.5,23.9,1.4,.5,158,57,4.9,9.9,5.2,4.4,.59,-.7
2020,293,6,35.3,11.9,23.7,55.8,10.2,27.2,2.44,17.53,0,27.6,18.4,22.6,23.9,23.5,23.7,.9,.1,102,64,5.5,9.7,4.5,3.5,.73,2.4
2020,294,6,35.7,12.6,23.3,57.7,9.4,30.5,2.33,17.8,0,28.1,19.2,23.3,24,23.6,23.9,1,.3,152,61,3.7,10.1,4.5,3.6,.79,3.5
2020,295,6,35,11.9,23.2,74.1,9.7,28.6,2.37,17.35,0,28,19.5,23.5,24.2,23.8,24,1.4,.2,333,69,4.6,9.7,4.8,4.1,.72,2.3
2020,296,6,34.3,13.8,24.2,59.2,17.9,33.4,2.26,17.27,0,28.6,20.2,24.1,24.3,23.9,24.1,1.3,.1,143,72,5.4,10.4,4.6,3.9,.96,6.3
2020,297,6,34.1,15.1,24.7,70.8,14.2,39.5,2.14,16.93,0,28.8,21.2,24.8,24.5,24.2,24.3,1.4,.5,165,58,5.5,11,4.6,3.9,1.15,8.9
2020,298,6,30.3,17,23.7,63.1,27.3,43.4,1.76,11.75,0,26.8,21.9,24.3,24.7,24.4,24.6,1.8,.6,135,63,4.6,10.9,3.3,3.6,1.25,10.2
2020,299,6,30.5,18.3,23.5,61.7,27.3,41.9,1.77,11.63,0,26.2,21.4,23.5,24.7,24.2,24.5,3,2.1,202,42,9.1,11.6,4,4.8,1.19,9.5
2020,300,6,20.8,6.7,15.1,58.5,9.4,27.8,1.26,13.24,0,23.3,17.9,21.1,24.5,23.9,24.2,4.4,3.5,244,37,10.9,2.8,4.8,4.7,.49,-5.5
2020,301,6,18.6,6.5,11.9,49.7,19.4,28.9,1.03,16.19,0,21.4,15.3,18,23.9,22.6,23.2,3.4,1.3,345,63,8.1,1.8,4.3,4.1,.41,-5.8
2020,302,6,21.2,2.8,11.8,76.7,15.4,43.2,.93,16.83,0,21.9,14.2,17.8,22.6,21.7,22.1,1.3,.5,92,57,4.8,2.6,3.4,2.6,.55,-1.5
2020,303,6,28.1,4.9,16.1,69.9,13.5,36.6,1.43,16.76,0,22.6,14.6,18.4,21.9,21.2,21.6,1.4,.8,41,45,7.4,5.7,4.2,3.3,.61,-.1
2020,304,6,29.3,8.4,19.2,66.6,14.3,34.7,1.66,14,0,22.8,16.1,19.3,21.6,21.2,21.4,1.7,1.1,36,45,6.3,6.9,3.8,3.6,.72,2.3
2020,305,6,29.4,11.9,19.9,63.8,15.3,34.1,1.74,13.14,0,23.8,17.1,20.1,21.6,21.3,21.5,1.2,.3,289,63,4.8,7.9,3.4,3,.73,2.5
2020,306,6,33.4,11.8,22.7,75.3,13.1,32.9,2.08,12.23,0,24.3,18.2,21.2,21.9,21.5,21.7,1.8,1.1,50,45,6.4,9.4,3.8,4.1,.85,4.5
2020,307,6,32.5,19.5,25.6,36.7,15.2,25.4,2.51,13.02,0,25.4,20.1,22.2,22.3,21.9,22,3.6,3.2,55,25,7.9,12.8,5.6,6.3,.83,4.2
2020,308,6,33.7,11.9,22.4,64,12.2,31.1,2.14,14.19,0,25.7,18.8,22.2,22.5,22.2,22.3,1.1,.2,252,68,3.8,9.5,3.8,3.1,.77,3.2
2020,309,6,32.8,11.7,21.5,72.6,14.8,35.8,1.9,15.65,0,23.5,17.8,20.6,22.7,22.2,22.5,1.1,.1,227,69,4.1,9.2,3.9,3.1,.85,4.5
2020,310,6,35.1,11.4,22.4,81.1,11.7,35.8,2.06,15.15,0,22.9,16.2,19.4,22.4,21.7,22,1.5,.7,67,54,6,9.6,4.3,3.8,.89,5.1
2020,311,6,31.3,16.6,23.6,58.2,15.1,30,2.16,6.35,0,20.2,17.5,18.8,21.9,21.5,21.7,1.6,.5,151,61,6,11,2.4,3.4,.85,4.5
2020,312,6,27.6,14.5,21.4,50.8,15.5,30.5,1.82,14.18,0,21,16.6,18.5,21.5,21.1,21.3,4.8,3.4,223,42,14.8,8.3,5.7,6.1,.77,2.9
2020,313,6,21.1,7.3,14.6,78.7,28.2,45.7,.96,12.18,0,20.2,14.7,17.3,21.2,20.6,20.9,2.8,2.3,215,34,11,2.9,3.1,3.2,.73,2.5
2020,314,6,16.9,4.6,12.4,77.6,26.1,44.2,.84,12.97,0,19.5,15,16.8,20.6,20.1,20.4,2.5,1.9,235,36,8.1,1,3,2.6,.62,.1
2020,315,6,18.5,1.7,9.4,87.5,17.9,47.6,.75,15.41,0,18.8,11.9,15.1,20.2,19.4,19.8,1.4,.3,344,63,5.8,1.5,3,2.3,.51,-2.5
2020,316,6,21.2,.4,10.3,80.3,14,41.1,.89,15.41,0,19.1,11.2,14.8,19.5,18.7,19.1,1,.5,149,52,3.9,2.4,2.9,2.1,.46,-3.8
2020,317,6,22.3,2.7,11.3,72.2,14.1,40.5,.94,12.32,0,18.4,11.7,14.6,18.9,18.4,18.6,1,.3,52,60,3.6,3,2.4,2.1,.5,-2.7
2020,318,6,25,4.4,13.7,75.3,12,39.1,1.14,13.89,0,19.8,12.4,15.7,18.5,18.1,18.4,.8,.3,146,55,3.2,4.3,2.8,2.1,.56,-1.4
2020,319,6,23.9,4,13.8,64.8,15.1,35.1,1.17,14.84,0,19.8,12.4,15.8,18.5,18.1,18.4,1.4,.7,166,55,4.6,3.8,3.2,2.7,.51,-2.4
2020,320,6,27.1,3.4,14.2,69.9,8.4,34.5,1.33,14.92,0,19.9,12.3,15.9,18.5,18.1,18.3,1,.2,291,61,5.2,5.2,3.3,2.5,.47,-3.6
2020,321,6,31.3,4.2,16.6,63.6,7.9,30.3,1.67,14.89,0,20.8,12.6,16.5,18.5,18.1,18.3,.9,.1,351,62,3.3,6.9,3.5,2.5,.49,-3
2020,322,6,32.5,7.3,18.8,58.2,9.4,28.5,1.87,13.96,0,21.8,13.8,17.4,18.6,18.3,18.4,.9,.6,173,37,3.3,7.8,3.4,2.5,.55,-1.5
2020,323,6,33.7,9.8,20,70.8,11.5,31.2,1.9,13.54,0,22.6,15.1,18.5,19,18.6,18.8,.8,.1,209,58,3,8.9,3.2,2.4,.66,1
2020,324,6,30.3,10,19.5,64.3,13.2,36.8,1.63,13.83,0,23,15.8,19.1,19.4,19,19.2,.7,.3,135,45,2.7,7.8,3.1,2.1,.8,3.6
2020,325,6,29.8,10.7,19.2,62.3,19.5,38.5,1.56,12.58,0,22.6,16.1,19.1,19.6,19.3,19.4,1.1,.1,191,67,4,7.7,3,2.5,.82,4
2020,326,6,28.9,11.1,18.5,61.1,23.7,41.3,1.4,11.33,0,22,16.3,18.9,19.7,19.5,19.6,1,.2,165,59,3.6,7.5,2.6,2.3,.86,4.6
2020,327,6,27.7,9.2,17.8,66,25.1,44.1,1.28,12.43,0,22.1,15.7,18.6,19.8,19.4,19.6,1,.5,140,47,2.8,6.4,2.6,2.2,.88,4.9
2020,328,6,27,9,17.6,71.2,14.3,38.5,1.42,13.52,0,21.5,15.6,18.3,19.7,19.4,19.5,1.8,.7,196,58,7.2,6,3.6,3.1,.71,1.8
2020,329,6,22,7.5,15.2,63,14.5,35.7,1.21,13.9,0,20.2,15.2,17.3,19.6,19.2,19.4,2.3,1.7,215,43,7.3,3.4,3.7,3.2,.58,-1.3
2020,330,6,22.3,1.2,10.9,75.2,15.1,36.4,.98,13.81,0,19.1,12.4,15.5,19.3,18.6,18.9,1,.1,28,68,3.4,2.8,2.7,2,.43,-4.7
2020,331,6,22.1,1.6,11.9,61.4,13.9,33.1,1.08,13.66,0,18.6,11.8,15,18.7,18,18.3,1.4,.8,234,48,6.6,2.8,3,2.4,.42,-5
2020,332,6,18.1,5,11,61.6,20.9,31.8,.94,13.19,0,17.9,12.1,14.7,18.2,17.7,17.9,1.6,.9,227,49,6.3,1.5,2.8,2.3,.41,-5.6
2020,333,6,20.1,.1,9.6,79.6,22.1,44,.81,13.4,0,17.5,10.7,13.8,17.8,17.2,17.5,1.3,.1,158,71,4,2,2.6,2,.5,-2.9
2020,334,6,22.8,-.6,10.3,81.1,12.9,39.6,.95,13.57,0,17.2,10.3,13.5,17.4,16.8,17.1,1.1,.3,297,57,4.6,2.9,2.8,2.1,.44,-4.5
2020,335,6,22.6,2.9,12.8,60.2,12.6,31,1.17,13.06,0,16.9,10.7,13.4,17,16.5,16.7,2.8,2.4,46,30,11.1,3.1,4,3.7,.42,-5
2020,336,6,21.8,.8,9.9,62.2,13.8,37.2,.91,13.19,0,16.9,9.9,13.1,16.7,16.2,16.5,1,.5,154,49,4.3,2.6,2.6,1.9,.43,-5
2020,337,6,19.9,-1.7,9.7,75.4,10,33.2,.98,13.14,0,15.6,9.4,12.4,16.5,15.9,16.2,2.3,1.8,351,35,7.6,1.8,3.5,3,.34,-8
2020,338,6,18.3,1.9,10.2,65.8,12.5,29.8,.95,12.97,0,16.5,10.1,13.4,16.1,15.5,15.8,2.5,1.9,17,39,8.5,1.4,3.3,3,.35,-7.6
2020,339,6,20.1,-1.9,7.5,72.3,7.8,34.2,.84,13.13,0,14,8.5,11.5,15.8,15.2,15.5,.9,.2,152,57,4,1.8,2.4,1.7,.31,-9.1
2020,340,6,21.3,-1.8,8.5,80.4,10.2,31.8,.93,12.94,0,13.8,6.5,9.9,15.2,14.4,14.7,.8,.5,159,43,2.8,2.3,2.4,1.7,.31,-8.9
2020,341,6,21.8,-1.7,9.2,76.7,11.1,33.3,.95,13.1,0,13.6,6.4,9.7,14.5,13.9,14.2,1.1,.4,150,60,3.3,2.4,2.6,2,.35,-7.6
2020,342,6,25.3,-.8,11.6,69.4,9.9,33,1.17,10.91,0,11.8,6.2,9.1,14.1,13.5,13.8,2.2,1.5,46,42,9.1,3.9,3.2,3.5,.39,-6.1
2020,343,6,25.9,2.7,14.5,52.2,11.1,26.1,1.38,11.46,0,12.7,6.8,9.6,13.6,13.2,13.4,2.2,1.6,30,40,7.3,4.5,3.5,3.5,.41,-5.4
2020,344,6,26.5,3.3,14.3,82.5,12.6,34.7,1.27,11.29,.51,14.4,7.3,10.8,13.5,13.2,13.3,1.1,.7,163,38,8.4,4.8,2.5,2.2,.53,-2.4
2020,345,6,15.1,8.2,12.1,100,71.2,90.7,.14,6.48,25.15,14.5,11.8,12.8,14,13.4,13.7,1.4,.3,263,61,5.8,.6,.5,.8,1.28,10.6
2020,346,6,20.5,4.5,10.8,100,39,87.7,.23,10.96,0,15.5,9.7,12.5,14.1,13.9,14,.5,.2,5,38,2.1,2.4,1.3,1.1,1.12,8.4
2020,347,6,20,5.6,11.6,100,30.6,70.9,.5,12.15,0,15.1,9.5,12,14.2,13.9,14.1,2.2,.4,238,68,9.2,2.3,2.2,2.1,.92,5.6
2020,348,6,15.7,1.3,8.5,81.6,14.7,43.2,.69,12.09,0,11.3,7,9.3,14.2,13.6,13.9,2.8,2.2,333,35,8.6,.6,2.7,2.5,.45,-4.2
2020,349,6,16.4,1.5,8.4,85.7,15.2,51.7,.65,11.39,0,10.6,6.3,8.2,13.6,12.8,13.1,2.3,1.5,205,46,8.6,.8,2.4,2.2,.51,-2.7
2020,350,6,15.8,-.4,7.9,91.2,24.4,54.8,.56,12.87,0,12,5.4,8.4,12.8,12.3,12.6,1.4,.5,303,60,5.2,.6,2.2,1.6,.55,-1.5
2020,351,6,17.5,-1.1,7.1,95.1,16.1,60.2,.54,12.78,0,12.1,5.2,8.4,12.5,12.1,12.3,1,.4,180,55,3.7,1,1.9,1.5,.54,-1.8
2020,352,6,15.9,-.3,7.6,89.8,26.8,61.6,.5,9.02,0,11.4,5.8,8.6,12.3,11.9,12.1,.8,.3,158,51,3.5,.6,1.2,1.2,.61,-.2
2020,353,6,17.9,-.6,8.3,95.6,21.2,59.9,.58,12.47,0,12.8,6,9,12.2,11.9,12.1,1.3,.6,202,56,4,1.2,2.1,1.7,.59,-.5
2020,354,6,19.8,.3,8.2,90.4,18.8,57.8,.6,12.72,0,13.3,6,9.3,12.2,11.9,12.1,1.1,.1,208,68,3.3,1.9,2,1.7,.58,-.7
2020,355,6,20,-1.6,8.2,93.3,18.1,57.1,.63,12.81,0,13.5,6,9.4,12.2,11.9,12.1,1,.4,193,57,3.1,1.8,2.1,1.6,.56,-1.2
2020,356,6,24,.2,10.3,89.2,14.8,51.5,.83,12.89,0,14.4,6.4,10,12.3,11.9,12.1,1.1,.7,170,45,4.4,3.4,2.3,2,.57,-.9
2020,357,6,22.3,1.6,9.7,83.6,17.7,50.5,.75,11.01,0,14.2,7.4,10.3,12.4,12.1,12.3,1,.2,140,60,4.9,2.9,1.9,1.8,.56,-1.4
2020,358,6,20.1,-.4,8.7,84.5,7.2,44,.8,12.1,0,13.4,6.9,9.9,12.5,12.2,12.4,1.9,1.4,342,36,7.8,2,2.8,2.5,.42,-5.7
2020,359,6,14.1,.7,7.3,63.6,11.1,31.4,.75,6.42,0,10.4,6.7,8.5,12.4,12,12.2,1.8,1.3,336,39,6.1,.2,1.5,2.1,.31,-9.4
2020,360,6,20.6,.7,10.6,69.2,9.6,36.9,.96,11.9,0,14.1,6.9,9.9,12,11.6,11.8,1.5,.3,25,69,4.9,2.2,2.6,2.2,.41,-5.5
2020,361,6,21.7,.1,9.7,80.5,15,44.8,.83,12.72,0,14.5,7.2,10.5,12.2,11.9,12,.9,.3,146,57,3.4,2.5,2.3,1.7,.48,-3.3
2020,362,6,22.1,.6,11,84.8,20.1,49.9,.82,12.2,0,14.9,7.5,11,12.4,12.1,12.2,1.1,.2,92,66,8.2,2.7,2.3,1.8,.61,-.1
2020,363,6,19.6,7,13.6,84.7,27.3,45.2,.92,11.07,0,15.1,10.1,12.6,12.9,12.3,12.6,2.7,1.6,235,50,9.8,2.3,3,2.8,.68,1.4
2020,364,6,15.8,1.9,8.5,97.1,33.7,65.1,.47,11.41,0,14.6,8.9,11.5,13.1,12.9,13,1.3,.5,256,60,4.7,.6,1.8,1.5,.68,1.5
2020,365,6,17.6,.5,8.5,87,11.8,43.1,.75,13.06,0,13.3,7.6,10.2,13.1,12.6,12.9,2.4,1.7,349,43,8.4,1.1,3.1,2.6,.42,-5.4
2020,366,6,13.9,-2.1,6.4,75,25,41.9,.62,8.49,0,11.5,6.4,8.9,12.7,12.2,12.4,1.5,.3,301,66,4.7,.1,1.5,1.7,.39,-6.1
