
 Maricopa  :  2020 

 Reference Evapotranspiration  (ETo) 


 Units = Inches
   DOY = Day Of Year (1 to 365)
   CUM = Accumulated Total Since Jan 1, 2020 
     * = Missing data. ETo estimated; based on previous day.


                  Original      Penman
                   AZMET        Monteith     Precipitation           
                 ==========    ==========    =============
 DOY   Date      DAY    CUM    DAY    CUM    DAY    CUM 
 ---   ------    ----   ----   ----   ----   ----   -----
   1   Jan  1    0.06   0.06   0.04   0.04   0.00    0.00   
   2   Jan  2    0.08   0.13   0.06   0.10   0.00    0.00   
   3   Jan  3    0.07   0.20   0.06   0.16   0.00    0.00   
   4   Jan  4    0.07   0.28   0.06   0.22   0.00    0.00   
   5   Jan  5    0.08   0.35   0.06   0.28   0.00    0.00   
   6   Jan  6    0.10   0.45   0.08   0.36   0.00    0.00   
   7   Jan  7    0.10   0.55   0.08   0.44   0.00    0.00   
   8   Jan  8    0.09   0.65   0.08   0.52   0.00    0.00   
   9   Jan  9    0.09   0.73   0.08   0.60   0.00    0.00   
  10   Jan 10    0.09   0.83   0.07   0.67   0.00    0.00   
  11   Jan 11    0.08   0.91   0.07   0.74   0.00    0.00   
  12   Jan 12    0.08   0.99   0.06   0.80   0.00    0.00   
  13   Jan 13    0.08   1.07   0.07   0.87   0.00    0.00   
  14   Jan 14    0.07   1.15   0.06   0.93   0.00    0.00   
  15   Jan 15    0.07   1.21   0.06   0.99   0.00    0.00   
  16   Jan 16    0.02   1.23   0.06   1.04   0.00    0.00   
  17   Jan 17    0.09   1.32   0.07   1.11   0.00    0.00   
  18   Jan 18    0.10   1.42   0.08   1.19   0.00    0.00   
  19   Jan 19    0.11   1.52   0.09   1.28   0.00    0.00   
  20   Jan 20    0.06   1.59   0.08   1.36   0.00    0.00   
  21   Jan 21    0.01   1.60   0.05   1.41   0.20    0.20   
  22   Jan 22    0.07   1.67   0.06   1.46   0.00    0.20   
  23   Jan 23    0.08   1.76   0.06   1.53   0.00    0.20   
  24   Jan 24    0.07   1.83   0.07   1.59   0.00    0.20   
  25   Jan 25    0.09   1.92   0.08   1.67   0.00    0.20   
  26   Jan 26    0.09   2.01   0.07   1.75   0.00    0.20   
  27   Jan 27    0.14   2.15   0.13   1.88   0.00    0.20   
  28   Jan 28    0.11   2.26   0.10   1.98   0.00    0.20   
  29   Jan 29    0.06   2.31   0.07   2.05   0.00    0.20   
  30   Jan 30    0.12   2.43   0.11   2.16   0.00    0.20   
  31   Jan 31    0.12   2.55   0.10   2.26   0.00    0.20   
  32   Feb  1    0.12   2.67   0.11   2.36   0.00    0.20   
  33   Feb  2    0.13   2.80   0.11   2.48   0.00    0.20   
  34   Feb  3    0.15   2.94   0.19   2.66   0.00    0.20   
  35   Feb  4    0.13   3.07   0.13   2.79   0.00    0.20   
  36   Feb  5    0.10   3.17   0.10   2.89   0.00    0.20   
  37   Feb  6    0.11   3.28   0.09   2.98   0.00    0.20   
  38   Feb  7    0.11   3.40   0.09   3.06   0.00    0.20   
  39   Feb  8    0.12   3.52   0.10   3.17   0.00    0.20   
  40   Feb  9    0.13   3.65   0.15   3.31   0.00    0.20   
  41   Feb 10    0.07   3.73   0.10   3.41   0.05    0.25   
  42   Feb 11    0.08   3.81   0.09   3.50   0.00    0.25   
  43   Feb 12    0.12   3.93   0.11   3.61   0.00    0.25   
  44   Feb 13    0.12   4.06   0.10   3.71   0.00    0.25   
  45   Feb 14    0.13   4.19   0.10   3.81   0.00    0.25   
  46   Feb 15    0.14   4.32   0.11   3.93   0.00    0.25   
  47   Feb 16    0.13   4.46   0.11   4.04   0.00    0.25   
  48   Feb 17    0.15   4.60   0.13   4.16   0.00    0.25   
  49   Feb 18    0.14   4.74   0.12   4.28   0.00    0.25   
  50   Feb 19    0.14   4.88   0.11   4.39   0.00    0.25   
  51   Feb 20    0.15   5.02   0.12   4.51   0.00    0.25   
  52   Feb 21    0.17   5.20   0.19   4.70   0.00    0.25   
  53   Feb 22    0.05   5.24   0.07   4.78   0.48    0.73   
  54   Feb 23    0.12   5.36   0.10   4.88   0.00    0.73   
  55   Feb 24    0.13   5.50   0.11   4.98   0.00    0.73   
  56   Feb 25    0.19   5.69   0.15   5.13   0.00    0.73   
  57   Feb 26    0.19   5.88   0.15   5.29   0.00    0.73   
  58   Feb 27    0.15   6.02   0.12   5.41   0.00    0.73   
  59   Feb 28    0.11   6.13   0.12   5.53   0.00    0.73   
  60   Feb 29    0.17   6.31   0.14   5.67   0.00    0.73   
  61   Mar  1    0.21   6.52   0.19   5.86   0.00    0.73   
  62   Mar  2    0.16   6.68   0.14   6.00   0.00    0.73   
  63   Mar  3    0.19   6.87   0.16   6.16   0.00    0.73   
  64   Mar  4    0.15   7.02   0.13   6.29   0.00    0.73   
  65   Mar  5    0.19   7.21   0.17   6.45   0.00    0.73   
  66   Mar  6    0.24   7.45   0.24   6.69   0.00    0.73   
  67   Mar  7    0.26   7.71   0.24   6.93   0.00    0.73   
  68   Mar  8    0.19   7.90   0.18   7.11   0.00    0.73   
  69   Mar  9    0.18   8.08   0.15   7.26   0.00    0.73   
  70   Mar 10    0.07   8.15   0.10   7.37   0.29    1.02   
  71   Mar 11    0.02   8.17   0.05   7.42   0.32    1.34   
  72   Mar 12    0.03   8.20   0.07   7.49   0.12    1.46   
  73   Mar 13    0.15   8.35   0.12   7.61   0.04    1.50   
  74   Mar 14    0.15   8.50   0.13   7.73   0.00    1.50   
  75   Mar 15    0.16   8.66   0.14   7.87   0.00    1.50   
  76   Mar 16    0.18   8.84   0.15   8.03   0.00    1.50   
  77   Mar 17    0.19   9.02   0.15   8.18   0.00    1.50   
  78   Mar 18    0.06   9.09   0.10   8.28   0.33    1.83   
  79   Mar 19    0.12   9.21   0.11   8.39   0.02    1.85   
  80   Mar 20    0.14   9.35   0.12   8.51   0.00    1.85   
  81   Mar 21    0.19   9.54   0.16   8.67   0.00    1.85   
  82   Mar 22    0.14   9.68   0.13   8.79   0.00    1.85   
  83   Mar 23    0.22   9.90   0.19   8.98   0.00    1.85   
  84   Mar 24    0.20  10.11   0.16   9.14   0.00    1.85   
  85   Mar 25    0.20  10.30   0.18   9.31   0.00    1.85   
  86   Mar 26    0.18  10.48   0.18   9.49   0.00    1.85   
  87   Mar 27    0.22  10.70   0.18   9.67   0.00    1.85   
  88   Mar 28    0.19  10.89   0.15   9.82   0.00    1.85   
  89   Mar 29    0.23  11.12   0.18  10.00   0.00    1.85   
  90   Mar 30    0.23  11.35   0.19  10.19   0.00    1.85   
  91   Mar 31    0.15  11.50   0.15  10.34   0.00    1.85   
  92   Apr  1    0.25  11.75   0.22  10.56   0.00    1.85   
  93   Apr  2    0.30  12.05   0.26  10.81   0.00    1.85   
  94   Apr  3    0.25  12.30   0.22  11.03   0.00    1.85   
  95   Apr  4    0.27  12.57   0.24  11.28   0.00    1.85   
  96   Apr  5    0.29  12.85   0.25  11.53   0.00    1.85   
  97   Apr  6    0.30  13.16   0.28  11.81   0.00    1.85   
  98   Apr  7    0.26  13.42   0.23  12.04   0.00    1.85   
  99   Apr  8    0.28  13.70   0.25  12.29   0.00    1.85   
 100   Apr  9    0.22  13.92   0.18  12.46   0.00    1.85   
 101   Apr 10    0.24  14.16   0.20  12.67   0.00    1.85   
 102   Apr 11    0.15  14.31   0.16  12.82   0.00    1.85   
 103   Apr 12    0.23  14.54   0.21  13.04   0.00    1.85   
 104   Apr 13    0.22  14.76   0.20  13.24   0.00    1.85   
 105   Apr 14    0.26  15.02   0.22  13.45   0.00    1.85   
 106   Apr 15    0.26  15.28   0.21  13.67   0.00    1.85   
 107   Apr 16    0.29  15.57   0.25  13.91   0.00    1.85   
 108   Apr 17    0.33  15.90   0.32  14.23   0.00    1.85   
 109   Apr 18    0.27  16.17   0.24  14.47   0.00    1.85   
 110   Apr 19    0.27  16.44   0.24  14.71   0.00    1.85   
 111   Apr 20    0.30  16.74   0.27  14.98   0.00    1.85   
 112   Apr 21    0.30  17.04   0.26  15.24   0.00    1.85   
 113   Apr 22    0.30  17.34   0.25  15.49   0.00    1.85   
 114   Apr 23    0.32  17.66   0.28  15.77   0.00    1.85   
 115   Apr 24    0.32  17.98   0.28  16.05   0.00    1.85   
 116   Apr 25    0.33  18.30   0.28  16.32   0.00    1.85   
 117   Apr 26    0.33  18.63   0.29  16.61   0.00    1.85   
 118   Apr 27    0.35  18.99   0.35  16.96   0.00    1.85   
 119   Apr 28    0.32  19.31   0.29  17.24   0.00    1.85   
 120   Apr 29    0.32  19.63   0.28  17.53   0.00    1.85   
 121   Apr 30    0.27  19.90   0.27  17.80   0.00    1.85   
 122   May  1    0.35  20.24   0.31  18.11   0.00    1.85   
 123   May  2    0.35  20.59   0.32  18.43   0.00    1.85   
 124   May  3    0.35  20.94   0.31  18.74   0.00    1.85   
 125   May  4    0.34  21.28   0.30  19.05   0.00    1.85   
 126   May  5    0.33  21.60   0.28  19.33   0.00    1.85   
 127   May  6    0.34  21.94   0.30  19.63   0.00    1.85   
 128   May  7    0.36  22.30   0.32  19.94   0.00    1.85   
 129   May  8    0.33  22.63   0.31  20.26   0.00    1.85   
 130   May  9    0.30  22.93   0.28  20.54   0.00    1.85   
 131   May 10    0.31  23.24   0.32  20.86   0.00    1.85   
 132   May 11    0.35  23.59   0.31  21.17   0.00    1.85   
 133   May 12    0.37  23.96   0.35  21.51   0.00    1.85   
 134   May 13    0.32  24.28   0.29  21.80   0.00    1.85   
 135   May 14    0.29  24.56   0.26  22.07   0.00    1.85   
 136   May 15    0.32  24.89   0.29  22.36   0.00    1.85   
 137   May 16    0.34  25.22   0.31  22.67   0.00    1.85   
 138   May 17    0.39  25.61   0.37  23.04   0.00    1.85   
 139   May 18    0.39  26.00   0.38  23.42   0.00    1.85   
 140   May 19    0.39  26.39   0.36  23.78   0.00    1.85   
 141   May 20    0.31  26.70   0.26  24.04   0.00    1.85   
 142   May 21    0.33  27.03   0.27  24.31   0.00    1.85   
 143   May 22    0.36  27.39   0.34  24.65   0.00    1.85   
 144   May 23    0.36  27.75   0.33  24.98   0.00    1.85   
 145   May 24    0.36  28.11   0.32  25.30   0.00    1.85   
 146   May 25    0.35  28.46   0.29  25.59   0.00    1.85   
 147   May 26    0.35  28.80   0.29  25.88   0.00    1.85   
 148   May 27    0.39  29.19   0.37  26.25   0.00    1.85   
 149   May 28    0.41  29.60   0.40  26.65   0.00    1.85   
 150   May 29    0.37  29.98   0.35  27.01   0.00    1.85   
 151   May 30    0.38  30.35   0.37  27.38   0.01    1.86   
 152   May 31    0.38  30.73   0.35  27.74   0.00    1.86   
 153   Jun  1    0.37  31.10   0.35  28.08   0.00    1.86   
 154   Jun  2    0.35  31.45   0.34  28.42   0.00    1.86   
 155   Jun  3    0.37  31.82   0.34  28.76   0.00    1.86   
 156   Jun  4    0.37  32.18   0.36  29.12   0.00    1.86   
 157   Jun  5    0.30  32.48   0.36  29.48   0.00    1.86   
 158   Jun  6    0.34  32.82   0.32  29.80   0.00    1.86   
 159   Jun  7    0.37  33.19   0.34  30.15   0.00    1.86   
 160   Jun  8    0.40  33.59   0.35  30.50   0.00    1.86   
 161   Jun  9    0.37  33.96   0.32  30.82   0.00    1.86   
 162   Jun 10    0.35  34.32   0.30  31.12   0.00    1.86   
 163   Jun 11    0.37  34.68   0.32  31.44   0.00    1.86   
 164   Jun 12    0.38  35.07   0.35  31.79   0.00    1.86   
 165   Jun 13    0.41  35.48   0.39  32.18   0.00    1.86   
 166   Jun 14    0.42  35.90   0.40  32.58   0.00    1.86   
 167   Jun 15    0.40  36.30   0.39  32.97   0.00    1.86   
 168   Jun 16    0.43  36.73   0.41  33.38   0.00    1.86   
 169   Jun 17    0.41  37.14   0.40  33.78   0.00    1.86   
 170   Jun 18    0.37  37.50   0.33  34.12   0.00    1.86   
 171   Jun 19    0.35  37.86   0.31  34.43   0.00    1.86   
 172   Jun 20    0.37  38.22   0.33  34.76   0.00    1.86   
 173   Jun 21    0.38  38.60   0.35  35.10   0.00    1.86   
 174   Jun 22    0.39  39.00   0.37  35.48   0.00    1.86   
 175   Jun 23    0.39  39.39   0.37  35.84   0.00    1.86   
 176   Jun 24    0.35  39.74   0.32  36.16   0.00    1.86   
 177   Jun 25    0.39  40.13   0.39  36.55   0.00    1.86   
 178   Jun 26    0.37  40.50   0.34  36.89   0.00    1.86   
 179   Jun 27    0.39  40.89   0.37  37.26   0.00    1.86   
 180   Jun 28    0.44  41.33   0.46  37.72   0.00    1.86   
 181   Jun 29    0.42  41.75   0.42  38.14   0.00    1.86   
 182   Jun 30    0.37  42.12   0.36  38.50   0.00    1.86   
 183   Jul  1    0.39  42.51   0.36  38.86   0.00    1.86   
 184   Jul  2    0.35  42.86   0.33  39.18   0.00    1.86   
 185   Jul  3    0.34  43.20   0.33  39.52   0.00    1.86   
 186   Jul  4    0.37  43.57   0.34  39.86   0.00    1.86   
 187   Jul  5    0.39  43.96   0.37  40.22   0.00    1.86   
 188   Jul  6    0.38  44.34   0.34  40.57   0.00    1.86   
 189   Jul  7    0.35  44.69   0.31  40.88   0.00    1.86   
 190   Jul  8    0.38  45.07   0.37  41.25   0.00    1.86   
 191   Jul  9    0.37  45.44   0.35  41.60   0.00    1.86   
 192   Jul 10    0.38  45.82   0.37  41.97   0.00    1.86   
 193   Jul 11    0.41  46.24   0.43  42.40   0.00    1.86   
 194   Jul 12    0.38  46.61   0.37  42.77   0.00    1.86   
 195   Jul 13    0.30  46.92   0.33  43.10   0.00    1.86   
 196   Jul 14    0.37  47.29   0.36  43.46   0.00    1.86   
 197   Jul 15    0.37  47.66   0.37  43.83   0.00    1.86   
 198   Jul 16    0.38  48.04   0.35  44.18   0.00    1.86   
 199   Jul 17    0.36  48.39   0.34  44.52   0.00    1.86   
 200   Jul 18    0.38  48.77   0.37  44.90   0.00    1.86   
 201   Jul 19    0.35  49.12   0.38  45.28   0.00    1.86   
 202   Jul 20    0.27  49.39   0.32  45.60   0.00    1.86   
 203   Jul 21    0.38  49.77   0.39  45.98   0.00    1.86   
 204   Jul 22    0.33  50.10   0.31  46.30   0.00    1.86   
 205   Jul 23    0.30  50.40   0.31  46.61   0.00    1.86   
 206   Jul 24    0.30  50.70   0.31  46.93   0.00    1.86   
 207   Jul 25    0.31  51.01   0.28  47.21   0.00    1.86   
 208   Jul 26    0.33  51.34   0.29  47.50   0.00    1.86   
 209   Jul 27    0.35  51.69   0.32  47.82   0.00    1.86   
 210   Jul 28    0.34  52.03   0.31  48.13   0.00    1.86   
 211   Jul 29    0.39  52.42   0.37  48.50   0.00    1.86   
 212   Jul 30    0.41  52.83   0.41  48.92   0.00    1.86   
 213   Jul 31    0.41  53.24   0.43  49.34   0.00    1.86   
 214   Aug  1    0.36  53.61   0.37  49.72   0.00    1.86   
 215   Aug  2    0.29  53.90   0.33  50.04   0.00    1.86   
 216   Aug  3    0.35  54.25   0.35  50.39   0.00    1.86   
 217   Aug  4    0.35  54.59   0.35  50.74   0.00    1.86   
 218   Aug  5    0.40  54.99   0.39  51.13   0.00    1.86   
 219   Aug  6    0.36  55.35   0.33  51.46   0.00    1.86   
 220   Aug  7    0.33  55.68   0.30  51.76   0.00    1.86   
 221   Aug  8    0.35  56.02   0.32  52.07   0.00    1.86   
 222   Aug  9    0.36  56.38   0.31  52.39   0.00    1.86   
 223   Aug 10    0.37  56.76   0.34  52.73   0.00    1.86   
 224   Aug 11    0.35  57.11   0.36  53.09   0.00    1.86   
 225   Aug 12    0.32  57.43   0.29  53.38   0.00    1.86   
 226   Aug 13    0.32  57.75   0.33  53.71   0.00    1.86   
 227   Aug 14    0.35  58.10   0.32  54.03   0.00    1.86   
 228   Aug 15    0.38  58.48   0.39  54.43   0.00    1.86   
 229   Aug 16    0.36  58.84   0.37  54.80   0.00    1.86   
 230   Aug 17    0.35  59.19   0.35  55.15   0.01    1.87   
 231   Aug 18    0.31  59.51   0.29  55.43   0.00    1.87   
 232   Aug 19    0.33  59.83   0.30  55.74   0.00    1.87   
 233   Aug 20    0.35  60.19   0.39  56.13   0.06    1.93   
 234   Aug 21    0.20  60.39   0.24  56.37   0.00    1.93   
 235   Aug 22    0.30  60.69   0.31  56.68   0.00    1.93   
 236   Aug 23    0.29  60.98   0.26  56.94   0.00    1.93   
 237   Aug 24    0.30  61.28   0.28  57.22   0.00    1.93   
 238   Aug 25    0.27  61.55   0.26  57.49   0.00    1.93   
 239   Aug 26    0.25  61.80   0.26  57.74   0.00    1.93   
 240   Aug 27    0.31  62.11   0.33  58.07   0.00    1.93   
 241   Aug 28    0.28  62.39   0.26  58.33   0.00    1.93   
 242   Aug 29    0.29  62.68   0.33  58.66   0.02    1.95   
 243   Aug 30    0.23  62.91   0.25  58.91   0.01    1.96   
 244   Aug 31    0.27  63.18   0.24  59.15   0.00    1.96   
 245   Sep  1    0.30  63.48   0.30  59.46   0.00    1.96   
 246   Sep  2    0.28  63.76   0.28  59.73   0.00    1.96   
 247   Sep  3    0.30  64.06   0.28  60.02   0.00    1.96   
 248   Sep  4    0.30  64.36   0.27  60.28   0.00    1.96   
 249   Sep  5    0.34  64.70   0.32  60.61   0.00    1.96   
 250   Sep  6    0.30  65.00   0.25  60.86   0.00    1.96   
 251   Sep  7    0.35  65.34   0.35  61.21   0.00    1.96   
 252   Sep  8    0.27  65.61   0.30  61.51   0.04    2.00   
 253   Sep  9    0.29  65.90   0.25  61.76   0.00    2.00   
 254   Sep 10    0.26  66.16   0.23  61.99   0.00    2.00   
 255   Sep 11    0.12  66.28   0.13  62.11   0.00    2.00   
 256   Sep 12    0.17  66.45   0.17  62.28   0.00    2.00   
 257   Sep 13    0.20  66.65   0.20  62.48   0.00    2.00   
 258   Sep 14    0.26  66.91   0.22  62.70   0.00    2.00   
 259   Sep 15    0.24  67.16   0.21  62.91   0.00    2.00   
 260   Sep 16    0.26  67.42   0.23  63.15   0.00    2.00   
 261   Sep 17    0.26  67.68   0.24  63.38   0.00    2.00   
 262   Sep 18    0.26  67.94   0.22  63.60   0.00    2.00   
 263   Sep 19    0.28  68.22   0.27  63.87   0.00    2.00   
 264   Sep 20    0.24  68.46   0.20  64.07   0.00    2.00   
 265   Sep 21    0.25  68.71   0.26  64.33   0.00    2.00   
 266   Sep 22    0.21  68.92   0.22  64.54   0.00    2.00   
 267   Sep 23    0.26  69.18   0.23  64.78   0.00    2.00   
 268   Sep 24    0.26  69.44   0.24  65.01   0.00    2.00   
 269   Sep 25    0.26  69.70   0.24  65.25   0.00    2.00   
 270   Sep 26    0.28  69.98   0.26  65.51   0.00    2.00   
 271   Sep 27    0.26  70.25   0.23  65.74   0.00    2.00   
 272   Sep 28    0.24  70.49   0.21  65.95   0.00    2.00   
 273   Sep 29    0.30  70.80   0.32  66.27   0.00    2.00   
 274   Sep 30    0.24  71.03   0.19  66.45   0.00    2.00   
 275   Oct  1    0.24  71.27   0.18  66.63   0.00    2.00   
 276   Oct  2    0.24  71.51   0.20  66.83   0.00    2.00   
 277   Oct  3    0.26  71.77   0.22  67.05   0.00    2.00   
 278   Oct  4    0.23  72.00   0.19  67.24   0.00    2.00   
 279   Oct  5    0.24  72.24   0.19  67.44   0.00    2.00   
 280   Oct  6    0.24  72.48   0.20  67.63   0.00    2.00   
 281   Oct  7    0.23  72.70   0.20  67.83   0.00    2.00   
 282   Oct  8    0.24  72.94   0.21  68.05   0.00    2.00   
 283   Oct  9    0.24  73.18   0.20  68.25   0.00    2.00   
 284   Oct 10    0.26  73.44   0.27  68.52   0.00    2.00   
 285   Oct 11    0.21  73.65   0.18  68.70   0.00    2.00   
 286   Oct 12    0.20  73.85   0.15  68.85   0.00    2.00   
 287   Oct 13    0.21  74.06   0.18  69.03   0.00    2.00   
 288   Oct 14    0.22  74.28   0.19  69.22   0.00    2.00   
 289   Oct 15    0.22  74.50   0.20  69.42   0.00    2.00   
 290   Oct 16    0.22  74.72   0.19  69.61   0.00    2.00   
 291   Oct 17    0.22  74.94   0.20  69.81   0.00    2.00   
 292   Oct 18    0.20  75.14   0.17  69.98   0.00    2.00   
 293   Oct 19    0.18  75.32   0.14  70.12   0.00    2.00   
 294   Oct 20    0.18  75.50   0.14  70.26   0.00    2.00   
 295   Oct 21    0.19  75.68   0.16  70.42   0.00    2.00   
 296   Oct 22    0.18  75.87   0.15  70.57   0.00    2.00   
 297   Oct 23    0.18  76.05   0.15  70.73   0.00    2.00   
 298   Oct 24    0.13  76.18   0.14  70.87   0.00    2.00   
 299   Oct 25    0.16  76.33   0.19  71.06   0.00    2.00   
 300   Oct 26    0.19  76.52   0.19  71.24   0.00    2.00   
 301   Oct 27    0.17  76.69   0.16  71.41   0.00    2.00   
 302   Oct 28    0.13  76.83   0.10  71.51   0.00    2.00   
 303   Oct 29    0.17  76.99   0.13  71.64   0.00    2.00   
 304   Oct 30    0.15  77.14   0.14  71.78   0.00    2.00   
 305   Oct 31    0.13  77.28   0.12  71.90   0.00    2.00   
 306   Nov  1    0.15  77.43   0.16  72.06   0.00    2.00   
 307   Nov  2    0.22  77.65   0.25  72.31   0.00    2.00   
 308   Nov  3    0.15  77.80   0.12  72.43   0.00    2.00   
 309   Nov  4    0.15  77.95   0.12  72.55   0.00    2.00   
 310   Nov  5    0.17  78.12   0.15  72.70   0.00    2.00   
 311   Nov  6    0.09  78.21   0.13  72.83   0.00    2.00   
 312   Nov  7    0.22  78.44   0.24  73.07   0.00    2.00   
 313   Nov  8    0.12  78.56   0.13  73.20   0.00    2.00   
 314   Nov  9    0.12  78.68   0.10  73.30   0.00    2.00   
 315   Nov 10    0.12  78.80   0.09  73.39   0.00    2.00   
 316   Nov 11    0.11  78.91   0.08  73.48   0.00    2.00   
 317   Nov 12    0.09  79.00   0.08  73.56   0.00    2.00   
 318   Nov 13    0.11  79.11   0.08  73.64   0.00    2.00   
 319   Nov 14    0.13  79.24   0.11  73.75   0.00    2.00   
 320   Nov 15    0.13  79.37   0.10  73.85   0.00    2.00   
 321   Nov 16    0.14  79.51   0.10  73.94   0.00    2.00   
 322   Nov 17    0.13  79.64   0.10  74.04   0.00    2.00   
 323   Nov 18    0.13  79.77   0.09  74.14   0.00    2.00   
 324   Nov 19    0.12  79.89   0.08  74.22   0.00    2.00   
 325   Nov 20    0.12  80.01   0.10  74.32   0.00    2.00   
 326   Nov 21    0.10  80.11   0.09  74.41   0.00    2.00   
 327   Nov 22    0.10  80.21   0.09  74.50   0.00    2.00   
 328   Nov 23    0.14  80.35   0.12  74.62   0.00    2.00   
 329   Nov 24    0.15  80.50   0.13  74.74   0.00    2.00   
 330   Nov 25    0.11  80.61   0.08  74.82   0.00    2.00   
 331   Nov 26    0.12  80.72   0.09  74.92   0.00    2.00   
 332   Nov 27    0.11  80.83   0.09  75.01   0.00    2.00   
 333   Nov 28    0.10  80.94   0.08  75.09   0.00    2.00   
 334   Nov 29    0.11  81.05   0.08  75.17   0.00    2.00   
 335   Nov 30    0.16  81.20   0.15  75.31   0.00    2.00   
 336   Dec  1    0.10  81.31   0.07  75.39   0.00    2.00   
 337   Dec  2    0.14  81.44   0.12  75.51   0.00    2.00   
 338   Dec  3    0.13  81.57   0.12  75.63   0.00    2.00   
 339   Dec  4    0.09  81.67   0.07  75.69   0.00    2.00   
 340   Dec  5    0.09  81.76   0.07  75.76   0.00    2.00   
 341   Dec  6    0.10  81.87   0.08  75.84   0.00    2.00   
 342   Dec  7    0.13  81.99   0.14  75.98   0.00    2.00   
 343   Dec  8    0.14  82.13   0.14  76.11   0.00    2.00   
 344   Dec  9    0.10  82.23   0.09  76.20   0.02    2.02   
 345   Dec 10    0.02  82.25   0.03  76.23   0.99    3.01   
 346   Dec 11    0.05  82.30   0.04  76.28   0.00    3.01   
 347   Dec 12    0.09  82.39   0.08  76.36   0.00    3.01   
 348   Dec 13    0.11  82.49   0.10  76.46   0.00    3.01   
 349   Dec 14    0.09  82.59   0.09  76.54   0.00    3.01   
 350   Dec 15    0.09  82.67   0.06  76.61   0.00    3.01   
 351   Dec 16    0.07  82.75   0.06  76.67   0.00    3.01   
 352   Dec 17    0.05  82.80   0.05  76.71   0.00    3.01   
 353   Dec 18    0.08  82.88   0.07  76.78   0.00    3.01   
 354   Dec 19    0.08  82.96   0.07  76.85   0.00    3.01   
 355   Dec 20    0.08  83.04   0.06  76.91   0.00    3.01   
 356   Dec 21    0.09  83.13   0.08  76.99   0.00    3.01   
 357   Dec 22    0.07  83.20   0.07  77.06   0.00    3.01   
 358   Dec 23    0.11  83.31   0.10  77.16   0.00    3.01   
 359   Dec 24    0.06  83.37   0.08  77.24   0.00    3.01   
 360   Dec 25    0.10  83.48   0.09  77.33   0.00    3.01   
 361   Dec 26    0.09  83.57   0.07  77.39   0.00    3.01   
 362   Dec 27    0.09  83.66   0.07  77.46   0.00    3.01   
 363   Dec 28    0.12  83.78   0.11  77.57   0.00    3.01   
 364   Dec 29    0.07  83.85   0.06  77.63   0.00    3.01   
 365   Dec 30    0.12  83.97   0.10  77.74   0.00    3.01   
 366   Dec 31    0.06  84.03   0.07  77.80   0.00    3.01   
 ---   ------    ----  -----   ----  -----   ----  ------
 DOY   Date      ETO    CUM    ETO    CUM    RAIN   CUM  
                 ==========    ==========    ============
                  Original      Penman                   
                   AZMET        Monteith                 
Maricopa

