
 Maricopa  :  2021 

 Reference Evapotranspiration  (ETo) 


 Units = Inches
   DOY = Day Of Year (1 to 365)
   CUM = Accumulated Total Since Jan 1, 2021 
     * = Missing data. ETo estimated; based on previous day.


                  Original      Penman
                   AZMET        Monteith     Precipitation           
                 ==========    ==========    =============
 DOY   Date      DAY    CUM    DAY    CUM    DAY    CUM 
 ---   ------    ----   ----   ----   ----   ----   -----
   1   Jan  1    0.09   0.09   0.07   0.07   0.00    0.00
   2   Jan  2    0.08   0.17   0.07   0.14   0.00    0.00
   3   Jan  3    0.07   0.24   0.06   0.20   0.00    0.00
   4   Jan  4    0.09   0.33   0.07   0.27   0.00    0.00
   5   Jan  5    0.10   0.43   0.09   0.36   0.00    0.00
   6   Jan  6    0.08   0.52   0.07   0.43   0.00    0.00
   7   Jan  7    0.09   0.61   0.07   0.49   0.00    0.00
   8   Jan  8    0.09   0.70   0.08   0.57   0.00    0.00
   9   Jan  9    0.12   0.81   0.10   0.67   0.00    0.00
  10   Jan 10    0.10   0.91   0.08   0.75   0.00    0.00
  11   Jan 11    0.12   1.04   0.11   0.85   0.00    0.00
  12   Jan 12    0.10   1.14   0.08   0.93   0.00    0.00
  13   Jan 13    0.11   1.25   0.09   1.02   0.00    0.00
  14   Jan 14    0.11   1.35   0.09   1.11   0.00    0.00
  15   Jan 15    0.14   1.49   0.12   1.23   0.00    0.00
  16   Jan 16    0.12   1.61   0.10   1.32   0.00    0.00
  17   Jan 17    0.12   1.74   0.10   1.42   0.00    0.00
  18   Jan 18    0.10   1.84   0.09   1.51   0.00    0.00
  19   Jan 19    0.15   1.99   0.16   1.67   0.01    0.01
  20   Jan 20    0.17   2.16   0.18   1.85   0.00    0.01
  21   Jan 21    0.09   2.25   0.10   1.95   0.01    0.02
  22   Jan 22    0.08   2.33   0.10   2.05   0.00    0.02
  23   Jan 23    0.07   2.40   0.10   2.14   0.00    0.02
  24   Jan 24    0.05   2.45   0.06   2.20   0.09    0.11
  25   Jan 25    0.03   2.49   0.06   2.27   0.15    0.26
  26   Jan 26    0.07   2.56   0.07   2.34   0.00    0.26
  27   Jan 27    0.11   2.67   0.09   2.43   0.00    0.26
  28   Jan 28    0.12   2.79   0.12   2.55   0.00    0.26
  29   Jan 29    0.10   2.88   0.11   2.66   0.11    0.37
  30   Jan 30    0.08   2.96   0.06   2.72   0.01    0.38
  31   Jan 31    0.11   3.07   0.09   2.81   0.00    0.38
  32   Feb  1    0.08   3.15   0.11   2.92   0.00    0.38
  33   Feb  2    0.12   3.27   0.09   3.01   0.00    0.38
  34   Feb  3    0.15   3.42   0.14   3.16   0.00    0.38
  35   Feb  4    0.19   3.61   0.17   3.32   0.00    0.38
  36   Feb  5    0.14   3.76   0.12   3.44   0.00    0.38
  37   Feb  6    0.13   3.89   0.10   3.54   0.00    0.38
  38   Feb  7    0.13   4.02   0.11   3.65   0.00    0.38
  39   Feb  8    0.14   4.17   0.11   3.75   0.00    0.38
  40   Feb  9    0.10   4.27   0.10   3.86   0.00    0.38
  41   Feb 10    0.14   4.41   0.12   3.97   0.00    0.38
  42   Feb 11    0.15   4.56   0.11   4.09   0.00    0.38
  43   Feb 12    0.19   4.75   0.19   4.28   0.00    0.38
  44   Feb 13    0.14   4.89   0.16   4.44   0.00    0.38
  45   Feb 14    0.18   5.07   0.15   4.58   0.00    0.38
  46   Feb 15    0.13   5.20   0.12   4.71   0.00    0.38
  47   Feb 16    0.20   5.40   0.18   4.88   0.00    0.38
  48   Feb 17    0.21   5.61   0.18   5.06   0.00    0.38
  49   Feb 18    0.18   5.79   0.14   5.21   0.00    0.38
  50   Feb 19    0.16   5.95   0.12   5.32   0.00    0.38
  51   Feb 20    0.23   6.17   0.23   5.55   0.00    0.38
  52   Feb 21    0.18   6.35   0.15   5.70   0.00    0.38
  53   Feb 22    0.18   6.53   0.14   5.84   0.00    0.38
  54   Feb 23    0.18   6.71   0.14   5.98   0.00    0.38
  55   Feb 24    0.19   6.89   0.16   6.14   0.00    0.38
  56   Feb 25    0.22   7.12   0.18   6.32   0.00    0.38
  57   Feb 26    0.17   7.29   0.14   6.46   0.00    0.38
  58   Feb 27    0.20   7.49   0.17   6.63   0.00    0.38
  59   Feb 28    0.25   7.74   0.21   6.84   0.00    0.38
  60   Mar  1    0.19   7.92   0.14   6.98   0.00    0.38
  61   Mar  2    0.24   8.16   0.21   7.20   0.00    0.38
  62   Mar  3    0.27   8.43   0.27   7.47   0.00    0.38
  63   Mar  4    0.12   8.55   0.14   7.61   0.00    0.38
  64   Mar  5    0.19   8.74   0.15   7.76   0.00    0.38
  65   Mar  6    0.25   8.99   0.23   7.99   0.00    0.38
  66   Mar  7    0.19   9.18   0.16   8.15   0.00    0.38
  67   Mar  8    0.23   9.41   0.22   8.37   0.00    0.38
  68   Mar  9    0.25   9.67   0.25   8.62   0.00    0.38
  69   Mar 10    0.21   9.88   0.17   8.79   0.00    0.38
  70   Mar 11    0.16  10.04   0.15   8.94   0.00    0.38
  71   Mar 12    0.11  10.14   0.10   9.04   0.08    0.46
  72   Mar 13    0.11  10.26   0.12   9.16   0.06    0.52
  73   Mar 14    0.17  10.43   0.14   9.30   0.00    0.52
  74   Mar 15    0.16  10.59   0.17   9.47   0.00    0.52
  75   Mar 16    0.19  10.77   0.16   9.64   0.00    0.52
  76   Mar 17    0.18  10.95   0.14   9.77   0.00    0.52
  77   Mar 18    0.20  11.15   0.16   9.93   0.00    0.52
  78   Mar 19    0.22  11.37   0.17  10.10   0.00    0.52
  79   Mar 20    0.27  11.64   0.25  10.35   0.00    0.52
  80   Mar 21    0.29  11.92   0.25  10.60   0.00    0.52
  81   Mar 22    0.26  12.19   0.23  10.83   0.00    0.52
  82   Mar 23    0.19  12.38   0.21  11.03   0.00    0.52
  83   Mar 24    0.21  12.58   0.17  11.21   0.00    0.52
  84   Mar 25    0.24  12.82   0.25  11.46   0.00    0.52
  85   Mar 26    0.14  12.96   0.15  11.61   0.00    0.52
  86   Mar 27    0.23  13.18   0.18  11.79   0.00    0.52
  87   Mar 28    0.26  13.44   0.21  12.01   0.00    0.52
  88   Mar 29    0.22  13.66   0.20  12.21   0.00    0.52
  89   Mar 30    0.29  13.96   0.25  12.46   0.00    0.52
  90   Mar 31    0.28  14.24   0.24  12.70   0.00    0.52
  91   Apr  1    0.35  14.59   0.35  13.05   0.00    0.52
  92   Apr  2    0.28  14.87   0.23  13.28   0.00    0.52
  93   Apr  3    0.27  15.14   0.23  13.51   0.00    0.52
  94   Apr  4    0.29  15.43   0.25  13.76   0.00    0.52
  95   Apr  5    0.30  15.73   0.30  14.06   0.00    0.52
  96   Apr  6    0.33  16.06   0.31  14.37   0.00    0.52
  97   Apr  7    0.29  16.35   0.25  14.62   0.00    0.52
  98   Apr  8    0.32  16.67   0.31  14.93   0.00    0.52
  99   Apr  9    0.31  16.98   0.26  15.19   0.00    0.52
 100   Apr 10    0.32  17.30   0.28  15.47   0.00    0.52
 101   Apr 11    0.28  17.58   0.25  15.73   0.00    0.52
 102   Apr 12    0.28  17.85   0.25  15.97   0.00    0.52
 103   Apr 13    0.30  18.16   0.31  16.28   0.00    0.52
 104   Apr 14    0.29  18.44   0.29  16.57   0.00    0.52
 105   Apr 15    0.26  18.71   0.25  16.82   0.00    0.52
 106   Apr 16    0.18  18.88   0.17  16.99   0.00    0.52
 107   Apr 17    0.28  19.16   0.26  17.25   0.00    0.52
 108   Apr 18    0.27  19.43   0.25  17.50   0.00    0.52
 109   Apr 19    0.26  19.69   0.22  17.73   0.00    0.52
 110   Apr 20    0.31  20.00   0.30  18.02   0.00    0.52
 111   Apr 21    0.43  20.43   0.42  18.45   0.00    0.52
 112   Apr 22    0.30  20.73   0.28  18.72   0.00    0.52
 113   Apr 23    0.28  21.01   0.27  18.99   0.00    0.52
 114   Apr 24    0.30  21.31   0.28  19.27   0.00    0.52
 115   Apr 25    0.34  21.65   0.34  19.61   0.00    0.52
 116   Apr 26    0.22  21.87   0.26  19.87   0.00    0.52
 117   Apr 27    0.25  22.12   0.23  20.10   0.00    0.52
 118   Apr 28    0.23  22.34   0.22  20.32   0.00    0.52
 119   Apr 29    0.26  22.61   0.24  20.56   0.00    0.52
 120   Apr 30    0.30  22.91   0.28  20.83   0.00    0.52
 121   May  1    0.29  23.20   0.30  21.13   0.00    0.52
 122   May  2    0.37  23.57   0.36  21.49   0.00    0.52
 123   May  3    0.31  23.88   0.31  21.80   0.00    0.52
 124   May  4    0.29  24.18   0.28  22.07   0.00    0.52
 125   May  5    0.28  24.45   0.26  22.33   0.00    0.52
 126   May  6    0.33  24.79   0.33  22.66   0.00    0.52
 127   May  7    0.32  25.11   0.29  22.95   0.00    0.52
 128   May  8    0.32  25.43   0.30  23.25   0.00    0.52
 129   May  9    0.34  25.77   0.33  23.58   0.00    0.52
 130   May 10    0.34  26.11   0.33  23.91   0.23    0.75
 131   May 11    0.33  26.44   0.29  24.19   0.00    0.75
 132   May 12    0.33  26.77   0.30  24.49   0.00    0.75
 133   May 13    0.34  27.11   0.31  24.80   0.00    0.75
 134   May 14    0.38  27.49   0.36  25.17   0.00    0.75
 135   May 15    0.41  27.91   0.41  25.58   0.00    0.75
 136   May 16    0.37  28.28   0.35  25.93   0.00    0.75
 137   May 17    0.32  28.60   0.28  26.21   0.00    0.75
 138   May 18    0.35  28.95   0.33  26.54   0.00    0.75
 139   May 19    0.38  29.33   0.37  26.91   0.00    0.75
 140   May 20    0.38  29.70   0.38  27.29   0.00    0.75
 141   May 21    0.38  30.08   0.34  27.63   0.00    0.75
 142   May 22    0.36  30.44   0.31  27.94   0.00    0.75
 143   May 23    0.30  30.75   0.24  28.18   0.00    0.75
 144   May 24    0.32  31.07   0.27  28.45   0.00    0.75
 145   May 25    0.33  31.39   0.30  28.75   0.00    0.75
 146   May 26    0.30  31.69   0.28  29.03   0.00    0.75
 147   May 27    0.33  32.03   0.28  29.31   0.00    0.75
 148   May 28    0.36  32.38   0.32  29.63   0.00    0.75
 149   May 29    0.41  32.79   0.38  30.01   0.00    0.75
 150   May 30    0.35  33.14   0.32  30.33   0.00    0.75
 151   May 31    0.34  33.48   0.31  30.65   0.00    0.75
 152   Jun  1    0.35  33.84   0.34  30.98   0.00    0.75
 153   Jun  2    0.36  34.20   0.37  31.36   0.00    0.75
 154   Jun  3    0.39  34.59   0.39  31.74   0.00    0.75
 155   Jun  4    0.35  34.94   0.36  32.10   0.00    0.75
 156   Jun  5    0.43  35.37   0.42  32.52   0.00    0.75
 157   Jun  6    0.40  35.76   0.37  32.89   0.00    0.75
 158   Jun  7    0.39  36.15   0.38  33.27   0.00    0.75
 159   Jun  8    0.34  36.49   0.31  33.59   0.00    0.75
 160   Jun  9    0.35  36.84   0.32  33.91   0.00    0.75
 161   Jun 10    0.35  37.19   0.33  34.24   0.00    0.75
 162   Jun 11    0.37  37.56   0.32  34.56   0.00    0.75
 163   Jun 12    0.36  37.93   0.31  34.87   0.00    0.75
 164   Jun 13    0.39  38.32   0.36  35.24   0.00    0.75
 165   Jun 14    0.36  38.67   0.36  35.60   0.00    0.75
 166   Jun 15    0.35  39.02   0.34  35.94   0.00    0.75
 167   Jun 16    0.36  39.38   0.38  36.31   0.00    0.75
 168   Jun 17    0.40  39.78   0.41  36.72   0.00    0.75
 169   Jun 18    0.39  40.18   0.41  37.13   0.00    0.75
 170   Jun 19    0.41  40.58   0.42  37.55   0.00    0.75
 171   Jun 20    0.45  41.03   0.47  38.01   0.00    0.75
 172   Jun 21    0.40  41.43   0.40  38.42   0.00    0.75
 173   Jun 22    0.29  41.72   0.34  38.76   0.00    0.75
 174   Jun 23    0.18  41.90   0.22  38.97   0.00    0.75
 175   Jun 24    0.29  42.20   0.29  39.26   0.00    0.75
 176   Jun 25    0.35  42.55   0.33  39.59   0.00    0.75
 177   Jun 26    0.36  42.90   0.33  39.92   0.00    0.75
 178   Jun 27    0.37  43.27   0.35  40.26   0.00    0.75
 179   Jun 28    0.44  43.71   0.50  40.76   0.00    0.75
 180   Jun 29    0.34  44.05   0.37  41.14   0.00    0.75
 181   Jun 30    0.34  44.40   0.35  41.48   0.00    0.75
 182   Jul  1    0.31  44.71   0.30  41.78   0.00    0.75
 183   Jul  2    0.25  44.96   0.29  42.07   0.00    0.75
 184   Jul  3    0.28  45.23   0.31  42.38   0.00    0.75
 185   Jul  4    0.27  45.50   0.27  42.64   0.01    0.76
 186   Jul  5    0.32  45.82   0.34  42.98   0.00    0.76
 187   Jul  6    0.39  46.21   0.40  43.38   0.00    0.76
 188   Jul  7    0.35  46.56   0.36  43.74   0.00    0.76
 189   Jul  8    0.34  46.90   0.34  44.08   0.06    0.82
 190   Jul  9    0.39  47.29   0.41  44.49   0.64    1.46
 191   Jul 10    0.32  47.61   0.37  44.86   0.30    1.76
 192   Jul 11    0.31  47.92   0.32  45.18   0.00    1.76
 193   Jul 12    0.31  48.23   0.33  45.51   0.00    1.76
 194   Jul 13    0.30  48.53   0.32  45.83   0.00    1.76
 195   Jul 14    0.21  48.73   0.24  46.07   0.11    1.87
 196   Jul 15    0.27  49.00   0.29  46.36   0.94    2.81
 197   Jul 16    0.21  49.21   0.27  46.62   0.06    2.87
 198   Jul 17    0.25  49.46   0.25  46.87   0.00    2.87
 199   Jul 18    0.18  49.64   0.23  47.11   0.00    2.87
 200   Jul 19    0.23  49.87   0.25  47.35   0.00    2.87
 201   Jul 20    0.27  50.14   0.28  47.64   0.00    2.87
 202   Jul 21    0.28  50.42   0.31  47.94   0.09    2.96
 203   Jul 22    0.28  50.70   0.31  48.26   0.02    2.98
 204   Jul 23    0.02  50.72   0.06  48.32   1.32    4.30
 205   Jul 24    0.08  50.80   0.11  48.42   1.26    5.56
 206   Jul 25    0.11  50.91   0.13  48.56   0.75    6.31
 207   Jul 26    0.24  51.15   0.23  48.79   0.00    6.31
 208   Jul 27    0.29  51.44   0.28  49.07   0.00    6.31
 209   Jul 28    0.28  51.72   0.26  49.33   0.00    6.31
 210   Jul 29    0.25  51.97   0.27  49.60   0.00    6.31
 211   Jul 30    0.31  52.27   0.31  49.91   0.00    6.31
 212   Jul 31    0.25  52.53   0.25  50.16   0.01    6.32
 213   Aug  1    0.25  52.78   0.26  50.42   0.00    6.32
 214   Aug  2    0.30  53.08   0.30  50.72   0.00    6.32
 215   Aug  3    0.33  53.41   0.33  51.05   0.00    6.32
 216   Aug  4    0.32  53.73   0.31  51.36   0.00    6.32
 217   Aug  5    0.31  54.04   0.32  51.68   0.00    6.32
 218   Aug  6    0.31  54.36   0.32  52.00   0.00    6.32
 219   Aug  7    0.30  54.66   0.29  52.29   0.00    6.32
 220   Aug  8    0.33  54.99   0.34  52.63   0.00    6.32
 221   Aug  9    0.14  55.12   0.17  52.79   0.12    6.44
 222   Aug 10    0.19  55.32   0.21  53.00   0.10    6.54
 223   Aug 11    0.21  55.53   0.23  53.23   0.00    6.54
 224   Aug 12    0.22  55.74   0.22  53.45   0.00    6.54
 225   Aug 13    0.25  55.99   0.26  53.71   0.00    6.54
 226   Aug 14    0.21  56.20   0.21  53.93   0.67    7.21
 227   Aug 15    0.24  56.44   0.24  54.17   0.00    7.21
 228   Aug 16    0.26  56.69   0.25  54.41   1.46    8.67
 229   Aug 17    0.20  56.90   0.21  54.62   0.08    8.75
 230   Aug 18    0.25  57.14   0.25  54.87   0.00    8.75
 231   Aug 19    0.25  57.40   0.24  55.11   0.00    8.75
 232   Aug 20    0.27  57.67   0.25  55.36   0.00    8.75
 233   Aug 21    0.28  57.94   0.26  55.62   0.00    8.75
 234   Aug 22    0.28  58.22   0.25  55.87   0.00    8.75
 235   Aug 23    0.32  58.55   0.31  56.18   0.00    8.75
 236   Aug 24    0.26  58.80   0.21  56.40   0.00    8.75
 237   Aug 25    0.27  59.07   0.24  56.64   0.00    8.75
 238   Aug 26    0.28  59.35   0.25  56.89   0.00    8.75
 239   Aug 27    0.27  59.63   0.26  57.15   0.00    8.75
 240   Aug 28    0.29  59.92   0.29  57.43   0.00    8.75
 241   Aug 29    0.26  60.17   0.25  57.68   0.00    8.75
 242   Aug 30    0.23  60.40   0.26  57.94   0.34    9.09
 243   Aug 31    0.11  60.51   0.15  58.09   0.08    9.17
 244   Sep  1    0.21  60.72   0.20  58.29   0.09    9.26
 245   Sep  2    0.22  60.94   0.21  58.51   0.00    9.26
 246   Sep  3    0.24  61.18   0.21  58.72   0.00    9.26
 247   Sep  4    0.25  61.43   0.23  58.95   0.00    9.26
 248   Sep  5    0.28  61.71   0.29  59.24   0.00    9.26
 249   Sep  6    0.26  61.97   0.24  59.48   0.00    9.26
 250   Sep  7    0.27  62.23   0.26  59.74   0.00    9.26
 251   Sep  8    0.27  62.51   0.28  60.02   0.00    9.26
 252   Sep  9    0.30  62.81   0.29  60.31   0.00    9.26
 253   Sep 10    0.28  63.08   0.26  60.57   0.00    9.26
 254   Sep 11    0.25  63.33   0.24  60.81   0.00    9.26
 255   Sep 12    0.26  63.60   0.23  61.04   0.00    9.26
 256   Sep 13    0.27  63.87   0.25  61.29   0.00    9.26
 257   Sep 14    0.27  64.14   0.26  61.55   0.00    9.26
 258   Sep 15    0.28  64.42   0.26  61.81   0.00    9.26
 259   Sep 16    0.25  64.67   0.22  62.03   0.00    9.26
 260   Sep 17    0.18  64.85   0.19  62.22   0.00    9.26
 261   Sep 18    0.19  65.04   0.21  62.43   0.00    9.26
 262   Sep 19    0.20  65.25   0.19  62.63   0.00    9.26
 263   Sep 20    0.25  65.50   0.23  62.86   0.00    9.26
 264   Sep 21    0.25  65.74   0.21  63.07   0.00    9.26
 265   Sep 22    0.24  65.98   0.21  63.28   0.00    9.26
 266   Sep 23    0.26  66.24   0.25  63.53   0.00    9.26
 267   Sep 24    0.12  66.36   0.17  63.70   0.00    9.26
 268   Sep 25    0.23  66.60   0.22  63.92   0.00    9.26
 269   Sep 26    0.05  66.65   0.09  64.01   0.02    9.28
 270   Sep 27    0.13  66.78   0.13  64.14   0.00    9.28
 271   Sep 28    0.21  66.98   0.19  64.34   0.00    9.28
 272   Sep 29    0.17  67.15   0.17  64.51   0.00    9.28
 273   Sep 30    0.21  67.36   0.20  64.70   0.00    9.28
 274   Oct  1    0.22  67.58   0.18  64.88   0.00    9.28
 275   Oct  2    0.19  67.77   0.15  65.03   0.00    9.28
 276   Oct  3    0.21  67.98   0.17  65.20   0.00    9.28
 277   Oct  4    0.18  68.16   0.19  65.39   0.01    9.29
 278   Oct  5    0.11  68.27   0.13  65.53   0.10    9.39
 279   Oct  6    0.18  68.46   0.15  65.68   0.00    9.39
 280   Oct  7    0.19  68.64   0.18  65.86   0.00    9.39
 281   Oct  8    0.21  68.85   0.20  66.06   0.00    9.39
 282   Oct  9    0.23  69.08   0.22  66.28   0.00    9.39
 283   Oct 10    0.20  69.28   0.16  66.43   0.00    9.39
 284   Oct 11    0.27  69.55   0.27  66.70   0.00    9.39
 285   Oct 12    0.20  69.75   0.17  66.87   0.00    9.39
 286   Oct 13    0.16  69.91   0.12  66.99   0.00    9.39
 287   Oct 14    0.18  70.09   0.15  67.14   0.00    9.39
 288   Oct 15    0.22  70.30   0.19  67.33   0.00    9.39
 289   Oct 16    0.22  70.53   0.20  67.53   0.00    9.39
 290   Oct 17    0.18  70.71   0.16  67.69   0.00    9.39
 291   Oct 18    0.21  70.92   0.21  67.90   0.00    9.39
 292   Oct 19    0.15  71.08   0.13  68.03   0.00    9.39
 293   Oct 20    0.16  71.24   0.13  68.15   0.00    9.39
 294   Oct 21    0.17  71.41   0.15  68.30   0.00    9.39
 295   Oct 22    0.18  71.59   0.15  68.45   0.00    9.39
 296   Oct 23    0.18  71.77   0.18  68.63   0.00    9.39
 297   Oct 24    0.17  71.94   0.16  68.79   0.00    9.39
 298   Oct 25    0.20  72.14   0.19  68.97   0.00    9.39
 299   Oct 26    0.20  72.34   0.19  69.16   0.00    9.39
 300   Oct 27    0.16  72.50   0.12  69.28   0.00    9.39
 301   Oct 28    0.16  72.66   0.12  69.40   0.00    9.39
 302   Oct 29    0.17  72.83   0.14  69.54   0.00    9.39
 303   Oct 30    0.16  72.99   0.13  69.67   0.00    9.39
 304   Oct 31    0.18  73.17   0.16  69.83   0.00    9.39
 305   Nov  1    0.14  73.31   0.13  69.96   0.00    9.39
 306   Nov  2    0.14  73.45   0.11  70.06   0.00    9.39
 307   Nov  3    0.14  73.59   0.12  70.18   0.00    9.39
 308   Nov  4    0.15  73.74   0.12  70.29   0.00    9.39
 309   Nov  5    0.14  73.88   0.10  70.40   0.00    9.39
 310   Nov  6    0.16  74.03   0.14  70.53   0.00    9.39
 311   Nov  7    0.12  74.15   0.10  70.63   0.00    9.39
 312   Nov  8    0.16  74.31   0.14  70.78   0.00    9.39
 313   Nov  9    0.12  74.43   0.11  70.88   0.00    9.39
 314   Nov 10    0.14  74.57   0.12  71.00   0.00    9.39
 315   Nov 11    0.16  74.73   0.14  71.13   0.00    9.39
 316   Nov 12    0.15  74.88   0.12  71.25   0.00    9.39
 317   Nov 13    0.13  75.01   0.11  71.36   0.00    9.39
 318   Nov 14    0.13  75.14   0.10  71.46   0.00    9.39
 319   Nov 15    0.13  75.27   0.09  71.56   0.00    9.39
 320   Nov 16    0.10  75.38   0.09  71.64   0.00    9.39
 321   Nov 17    0.09  75.46   0.07  71.71   0.00    9.39
 322   Nov 18    0.13  75.59   0.11  71.83   0.00    9.39
 323   Nov 19    0.13  75.72   0.11  71.94   0.00    9.39
 324   Nov 20    0.11  75.83   0.07  72.01   0.00    9.39
 325   Nov 21    0.12  75.95   0.13  72.14   0.00    9.39
 326   Nov 22    0.12  76.08   0.13  72.27   0.00    9.39
 327   Nov 23    0.05  76.13   0.08  72.35   0.00    9.39
 328   Nov 24    0.08  76.21   0.09  72.43   0.00    9.39
 329   Nov 25    0.16  76.37   0.16  72.59   0.00    9.39
 330   Nov 26    0.12  76.50   0.10  72.69   0.00    9.39
 331   Nov 27    0.10  76.60   0.09  72.78   0.00    9.39
 332   Nov 28    0.11  76.71   0.08  72.86   0.00    9.39
 333   Nov 29    0.13  76.83   0.11  72.97   0.00    9.39
 334   Nov 30    0.11  76.94   0.09  73.06   0.00    9.39
 335   Dec  1    0.10  77.05   0.07  73.14   0.00    9.39
 336   Dec  2    0.10  77.15   0.08  73.22   0.00    9.39
 337   Dec  3    0.10  77.25   0.08  73.30   0.00    9.39
 338   Dec  4    0.09  77.34   0.07  73.37   0.00    9.39
 339   Dec  5    0.11  77.44   0.09  73.47   0.00    9.39
 340   Dec  6    0.09  77.54   0.08  73.55   0.00    9.39
 341   Dec  7    0.09  77.62   0.08  73.62   0.00    9.39
 342   Dec  8    0.11  77.73   0.10  73.72   0.00    9.39
 343   Dec  9    0.11  77.84   0.13  73.85   0.11    9.50
 344   Dec 10    0.09  77.93   0.08  73.92   0.07    9.57
 345   Dec 11    0.09  78.02   0.08  74.00   0.00    9.57
 346   Dec 12    0.08  78.10   0.06  74.07   0.00    9.57
 347   Dec 13    0.05  78.15   0.06  74.13   0.00    9.57
 348   Dec 14    0.08  78.23   0.10  74.23   0.02    9.59
 349   Dec 15    0.08  78.31   0.07  74.30   0.00    9.59
 350   Dec 16    0.07  78.39   0.06  74.35   0.00    9.59
 351   Dec 17    0.08  78.46   0.06  74.41   0.00    9.59
 352   Dec 18    0.12  78.58   0.11  74.52   0.00    9.59
 353   Dec 19    0.11  78.69   0.09  74.60   0.00    9.59
 354   Dec 20    0.08  78.77   0.06  74.67   0.00    9.59
 355   Dec 21    0.05  78.82   0.06  74.73   0.00    9.59
 356   Dec 22    0.08  78.90   0.06  74.79   0.00    9.59
 357   Dec 23    0.11  79.01   0.10  74.88   0.00    9.59
 358   Dec 24    0.01  79.02   0.06  74.94   0.64   10.23
 359   Dec 25    0.01  79.03   0.03  74.97   0.01   10.24
 360   Dec 26    0.06  79.09   0.05  75.02   0.00   10.24
 361   Dec 27    0.01  79.10   0.04  75.06   0.00   10.24
 362   Dec 28    0.04  79.14   0.05  75.11   0.01   10.25
 363   Dec 29    0.06  79.20   0.05  75.16   0.00   10.25
 364   Dec 30    0.03  79.23   0.04  75.21   0.01   10.26
 365   Dec 31    0.00  79.23   0.03  75.23   0.16   10.42
 ---   ------    ----  -----   ----  -----   ----  ------
 DOY   Date      ETO    CUM    ETO    CUM    RAIN   CUM  
                 ==========    ==========    ============
                  Original      Penman                   
                   AZMET        Monteith                 
Maricopa

