
Maricopa  :  2021  Heat Units 

 DOY = Day Of Year (1 to 365)
 Max = Maximum Air Temperature 
 Min = Minimum Air Temperature 
 HU  = Daily Heat Units 
 CUM = Accumulated Heat Units : Since Jan 1, 2021 
   * = Missing data. Max, Min Temps and Heat Units Estimated.

 Temperature and Heat Units are in Fahrenheit Units
 Heat Units calculated by Single Sine Method


                         86/55       86/50       86/45       94/55          RH
                       ==========  ==========  ==========  ==========   ===========
 DOY  Date    Max Min   HU   CUM    HU   CUM    HU   CUM    HU   CUM    Max Min Ave
 ---  ------  --- ---  ----  ----  ----  ----  ----  ----  ----  ----   --- --- ---
   1  Jan  1   66  30   2.6     3   4.6     5   7.1     7   2.6     3    71  18  44
   2  Jan  2   64  29   2.1     5   4.0     9   6.4    14   2.1     5    79  19  46
   3  Jan  3   66  29   2.5     7   4.6    13   7.2    21   2.5     7    87  21  48
   4  Jan  4   70  30   4.0    11   6.3    20   9.1    30   4.0    11    84  17  47
   5  Jan  5   70  34   4.4    16   7.0    27  10.0    40   4.4    16    81  17  43
   6  Jan  6   69  31   3.8    19   6.1    33   9.0    49   3.8    19    72  15  43
   7  Jan  7   70  32   4.3    24   6.7    39   9.5    58   4.3    24    76  14  41
   8  Jan  8   69  32   3.7    27   6.1    45   8.7    67   3.7    27    67  14  39
   9  Jan  9   67  32   3.0    30   5.4    51   8.0    75   3.0    30    71  12  36
  10  Jan 10   66  30   2.7    33   4.8    56   7.4    82   2.7    33    67  16  38
  11  Jan 11   66  36   2.9    36   5.3    61   8.1    90   2.9    36    59  18  37
  12  Jan 12   67  31   3.0    39   5.2    66   7.8    98   3.0    39    72  13  38
  13  Jan 13   68  28   3.2    42   5.2    71   7.6   106   3.2    42    68  10  35
  14  Jan 14   72  33   4.9    47   7.5    79  10.2   116   4.9    47    67  13  33
  15  Jan 15   77  35   6.9    54   9.6    88  12.8   129   6.9    54    68   8  33
  16  Jan 16   77  36   7.2    61  10.0    98  13.4   142   7.2    61    59   9  29
  17  Jan 17   79  34   8.1    69  10.9   109  14.0   156   8.1    69    58   8  30
  18  Jan 18   71  31   4.5    74   6.8   116   9.7   166   4.5    74    67  11  30
  19  Jan 19   72  51   7.4    81  11.8   128  16.8   183   7.4    81    88  20  46
  20  Jan 20   75  53   9.0    90  13.7   142  18.7   201   9.0    90    73  26  37
  21  Jan 21   71  53   7.4    98  12.1   154  17.1   219   7.4    98    92  43  66
  22  Jan 22   69  51   5.9   104  10.0   164  15.0   234   5.9   104    96  42  70
  23  Jan 23   65  50   3.8   107   7.6   171  12.6   246   3.8   107    80  39  63
  24  Jan 24   56  44   0.2   107   2.0   173   5.1   251   0.2   107    94  45  74
  25  Jan 25   55  40   0.0   108   1.4   175   3.9   255   0.0   108    93  58  80
  26  Jan 26   55  36   0.0   108   1.0   176   3.1   258   0.0   108    95  35  68
  27  Jan 27   63  30   1.6   109   3.4   179   5.8   264   1.6   109   100  23  67
  28  Jan 28   72  41   5.7   115   8.6   188  12.0   276   5.7   115    80  17  47
  29  Jan 29   69  45   4.8   120   7.9   196  12.0   288   4.8   120   100  25  62
  30  Jan 30   62  34   1.6   121   3.6   199   6.2   294   1.6   121   100  43  83
  31  Jan 31   71  35   4.9   126   7.5   207  10.4   305   4.9   126   100  22  63
  32  Feb  1   72  45   6.3   132   9.7   216  13.8   318   6.3   132    79  20  44
  33  Feb  2   82  51  12.3   145  16.9   233  21.9   340  12.3   145    76  21  48
  34  Feb  3   82  58  15.2   160  20.2   253  25.2   366  15.2   160    73  23  43
  35  Feb  4   73  49   7.3   167  11.0   264  15.9   381   7.3   167    58  15  30
  36  Feb  5   69  38   4.2   171   6.7   271   9.8   391   4.2   171    63  17  35
  37  Feb  6   73  33   5.3   177   7.9   279  11.0   402   5.3   177    74  14  40
  38  Feb  7   74  36   5.9   183   8.6   288  11.7   414   5.9   183    66  14  40
  39  Feb  8   76  36   7.0   190   9.7   297  13.0   427   7.0   190    71  13  38
  40  Feb  9   75  38   6.7   196   9.5   307  13.0   440   6.7   196    70  15  38
  41  Feb 10   75  47   8.2   205  11.6   318  16.3   456   8.2   205    68  16  36
  42  Feb 11   78  40   8.2   213  11.2   330  14.7   471   8.2   213    74  15  39
  43  Feb 12   74  51   8.3   221  12.8   342  17.8   489   8.3   221    67  19  38
  44  Feb 13   71  45   5.9   227   9.2   352  13.0   502   5.9   227    75  25  51
  45  Feb 14   66  43   3.2   230   6.1   358   9.6   511   3.2   230    60  17  34
  46  Feb 15   67  35   3.2   233   5.7   363   8.5   520   3.2   233    56  13  31
  47  Feb 16   70  43   5.1   239   8.2   371  12.0   532   5.1   239    61  11  32
  48  Feb 17   67  38   3.3   242   5.7   377   8.7   540   3.3   242    47  10  24
  49  Feb 18   64  34   2.3   244   4.3   382   7.1   547   2.3   244    49  12  24
  50  Feb 19   71  31   4.5   249   6.8   388   9.7   557   4.5   249    69   9  30
  51  Feb 20   81  36   9.1   258  12.0   400  15.6   573   9.1   258    57   7  25
  52  Feb 21   70  41   4.8   262   7.7   408  11.0   584   4.8   262    49   8  24
  53  Feb 22   77  32   6.8   269   9.4   417  12.6   596   6.8   269    64   7  27
  54  Feb 23   80  37   8.9   278  11.8   429  15.3   612   8.9   278    52   7  24
  55  Feb 24   81  39   9.1   287  12.1   441  15.6   627   9.1   287    45  10  25
  56  Feb 25   67  43   3.7   291   6.4   448   9.9   637   3.7   291    38  11  21
  57  Feb 26   72  32   5.0   296   7.3   455  10.3   647   5.0   296    63   8  27
  58  Feb 27   72  32   5.0   301   7.6   463  10.4   658   5.0   301    60   8  24
  59  Feb 28   64  39   2.3   303   4.7   467   7.7   666   2.3   303    27   5  14
  60  Mar  1   70  30   4.2   307   6.4   474   9.2   675   4.2   307    42   8  19
  61  Mar  2   79  37   8.1   316  11.1   485  14.4   689   8.1   316    51   5  22
  62  Mar  3   85  39  10.9   326  14.1   499  17.7   707  10.9   326    58   6  28
  63  Mar  4   71  46   6.0   332   9.1   508  13.5   720   6.0   332    75  27  50
  64  Mar  5   82  38   9.4   342  12.6   521  15.9   736   9.4   342    73  14  38
  65  Mar  6   87  44  12.9   355  16.2   537  20.4   757  12.9   355    52   8  24
  66  Mar  7   89  42  13.2   368  16.7   553  20.8   777  13.5   368    57   9  26
  67  Mar  8   85  58  16.6   385  21.6   575  26.6   804  16.6   385    38   7  21
  68  Mar  9   80  58  13.6   398  18.6   594  23.6   827  13.6   398    48  14  25
  69  Mar 10   69  44   4.6   403   7.6   601  11.4   839   4.6   403    51  17  31
  70  Mar 11   69  39   4.5   407   7.0   608  10.3   849   4.5   408    67  19  43
  71  Mar 12   60  46   1.2   408   3.7   612   7.7   857   1.2   409    96  35  71
  72  Mar 13   62  43   1.9   410   4.5   617   7.9   865   1.9   411    96  28  67
  73  Mar 14   70  36   4.4   415   7.0   624  10.1   875   4.4   415   100  23  60
  74  Mar 15   75  42   7.2   422  10.3   634  13.9   889   7.2   422    80  14  40
  75  Mar 16   61  41   1.6   424   3.8   638   7.0   896   1.6   424    56  23  38
  76  Mar 17   72  35   5.1   429   7.8   645  10.7   907   5.1   429    77  19  39
  77  Mar 18   82  40  10.0   439  13.2   659  16.6   923  10.0   439    66  10  34
  78  Mar 19   86  42  11.9   451  15.2   674  19.2   942  11.9   451    60   6  27
  79  Mar 20   85  54  14.6   465  19.6   694  24.6   967  14.6   466    44  16  26
  80  Mar 21   78  51  10.2   475  14.6   708  19.6   987  10.2   476    49   6  22
  81  Mar 22   71  49   6.4   482  10.0   718  14.8  1001   6.4   482    34   8  17
  82  Mar 23   71  48   5.9   488   9.5   728  14.1  1016   5.9   488    61  14  32
  83  Mar 24   72  42   5.7   493   8.7   736  12.3  1028   5.7   494    87  16  44
  84  Mar 25   73  47   6.7   500  10.3   747  14.8  1043   6.7   501    46   9  27
  85  Mar 26   68  47   4.5   505   7.7   754  12.2  1055   4.5   505    70  27  47
  86  Mar 27   77  41   7.9   513  11.1   765  14.8  1070   7.9   513    83  16  43
  87  Mar 28   86  42  12.1   525  15.4   781  19.5  1089  12.2   525    67   8  30
  88  Mar 29   87  44  13.0   538  16.7   798  21.0  1110  13.1   538    64   6  23
  89  Mar 30   86  53  14.5   552  19.4   817  24.4  1135  14.5   553    42   6  17
  90  Mar 31   88  43  13.0   565  16.4   833  20.3  1155  13.1   566    50   5  16
  91  Apr  1   93  53  17.1   582  22.0   855  27.0  1182  18.4   584    35   7  16
  92  Apr  2   92  56  17.8   600  22.8   878  27.8  1210  18.8   603    42   8  19
  93  Apr  3   96  58  19.7   620  24.7   903  29.7  1239  21.8   625    42   8  21
  94  Apr  4   98  56  19.2   639  24.2   927  29.2  1269  21.5   647    42   6  19
  95  Apr  5   95  59  19.9   659  24.9   952  29.9  1299  21.8   668    42   5  15
  96  Apr  6   90  63  21.0   680  26.0   978  31.0  1330  21.7   690    34   6  14
  97  Apr  7   91  50  15.3   695  19.5   997  24.5  1354  16.1   706    34   2  13
  98  Apr  8   91  61  20.0   715  25.0  1022  30.0  1384  21.0   727    30  11  18
  99  Apr  9   93  61  20.5   736  25.5  1048  30.5  1415  21.9   749    44   4  18
 100  Apr 10   95  54  17.6   754  22.4  1070  27.4  1442  19.4   768    37   5  15
 101  Apr 11   94  57  18.8   772  23.8  1094  28.8  1471  20.4   789    31   7  15
 102  Apr 12   92  59  19.4   792  24.4  1119  29.4  1500  20.5   809    49  10  23
 103  Apr 13   91  60  19.7   811  24.7  1143  29.7  1530  20.4   830    38  10  22
 104  Apr 14   88  58  18.1   829  23.1  1166  28.1  1558  18.3   848    44   7  20
 105  Apr 15   81  54  12.6   842  17.6  1184  22.6  1581  12.6   861    49   7  21
 106  Apr 16   82  49  11.9   854  15.9  1200  20.9  1601  11.9   873    51   6  23
 107  Apr 17   86  49  13.4   867  17.3  1217  22.2  1624  13.4   886    43   6  17
 108  Apr 18   84  53  13.8   881  18.6  1236  23.6  1647  13.8   900    52  12  26
 109  Apr 19   87  51  14.6   896  19.2  1255  24.2  1671  14.7   914    57   8  28
 110  Apr 20   93  56  18.1   914  23.1  1278  28.1  1699  19.4   934    36   4  16
 111  Apr 21   92  59  19.4   933  24.4  1302  29.4  1729  20.4   954    27   3  12
 112  Apr 22   83  58  15.3   949  20.3  1323  25.3  1754  15.3   970    42  12  25
 113  Apr 23   86  55  15.4   964  20.4  1343  25.4  1780  15.4   985    60  11  31
 114  Apr 24   92  53  16.9   981  21.6  1365  26.6  1806  18.0  1003    56   7  24
 115  Apr 25   94  61  20.8  1002  25.8  1390  30.8  1837  22.6  1026    46   6  16
 116  Apr 26   79  61  14.7  1016  19.7  1410  24.7  1862  14.7  1040    46  14  23
 117  Apr 27   75  58  11.5  1028  16.5  1426  21.5  1883  11.5  1052    64  13  31
 118  Apr 28   81  48  10.9  1039  14.7  1441  19.3  1902  10.9  1063    73  17  39
 119  Apr 29   92  51  16.1  1055  20.4  1462  25.4  1928  17.1  1080    75  12  38
 120  Apr 30   97  56  18.8  1074  23.8  1485  28.8  1957  20.9  1101    62   8  25
 121  May  1  100  62  22.2  1096  27.2  1513  32.2  1989  24.9  1126    56   6  20
 122  May  2   93  62  21.3  1117  26.3  1539  31.3  2020  22.8  1149    42   4  17
 123  May  3   89  61  19.8  1137  24.8  1564  29.8  2050  20.4  1169    43   9  24
 124  May  4   94  61  21.0  1158  26.0  1590  31.0  2081  22.8  1192    54   8  24
 125  May  5   98  59  20.5  1179  25.5  1615  30.5  2111  22.9  1215    51   5  19
 126  May  6  101  64  23.1  1202  28.1  1643  33.1  2145  25.9  1240    40   7  19
 127  May  7   96  63  22.2  1224  27.2  1671  32.2  2177  24.5  1265    33   6  16
 128  May  8   93  60  20.2  1244  25.2  1696  30.2  2207  21.7  1287    33   9  19
 129  May  9   95  64  22.4  1266  27.4  1723  32.4  2239  24.4  1311    36   7  19
 130  May 10   96  62  21.8  1288  26.8  1750  31.8  2271  23.9  1335    58   4  11
 131  May 11   96  56  18.6  1307  23.6  1774  28.6  2300  20.6  1356    47   5  16
 132  May 12   99  62  21.9  1329  26.9  1800  31.9  2332  24.5  1380    35   4  16
 133  May 13  102  60  21.5  1350  26.5  1827  31.5  2363  24.5  1405    45   4  15
 134  May 14  101  68  24.8  1375  29.8  1857  34.8  2398  27.9  1432    32   6  14
 135  May 15   99  66  24.0  1399  29.0  1886  34.0  2432  26.7  1459    26   6  13
 136  May 16   94  61  20.6  1420  25.6  1911  30.6  2463  22.1  1481    39   8  18
 137  May 17   89  59  18.5  1438  23.5  1935  28.5  2491  18.9  1500    44  13  24
 138  May 18   94  64  22.2  1460  27.2  1962  32.2  2523  24.1  1524    53  13  29
 139  May 19  101  66  24.2  1485  29.2  1991  34.2  2558  27.2  1551    56  10  23
 140  May 20   99  67  24.4  1509  29.4  2021  34.4  2592  27.2  1579    43   7  20
 141  May 21   86  63  19.4  1528  24.4  2045  29.4  2621  19.4  1598    43   5  12
 142  May 22   82  53  12.8  1541  17.5  2063  22.5  2644  12.8  1611    46   4  19
 143  May 23   87  48  14.0  1555  17.8  2080  22.7  2666  14.2  1625    52   3  17
 144  May 24   94  52  16.6  1572  21.3  2102  26.3  2693  18.1  1643    35   3  16
 145  May 25   98  61  21.5  1593  26.5  2128  31.5  2724  23.9  1667    42   5  13
 146  May 26   97  65  23.4  1617  28.4  2157  33.4  2758  25.8  1693    34   6  15
 147  May 27   98  60  20.8  1638  25.8  2182  30.8  2789  23.2  1716    45   5  17
 148  May 28  101  63  22.9  1661  27.9  2210  32.9  2821  25.9  1742    32   6  16
 149  May 29  102  64  23.4  1684  28.4  2239  33.4  2855  26.4  1768    37   3  15
 150  May 30  100  60  21.4  1705  26.4  2265  31.4  2886  24.2  1793    52   7  20
 151  May 31  101  68  25.1  1730  30.1  2295  35.1  2921  28.3  1821    43   6  20
 152  Jun  1  103  68  25.1  1756  30.1  2325  35.1  2956  28.3  1849    35   8  19
 153  Jun  2  104  72  26.7  1782  31.7  2357  36.7  2993  30.3  1879    33   8  16
 154  Jun  3  105  71  26.4  1809  31.4  2388  36.4  3029  30.1  1910    35   7  16
 155  Jun  4  105  68  25.4  1834  30.4  2419  35.4  3065  29.0  1939    42   4  14
 156  Jun  5  106  72  27.2  1861  32.2  2451  37.2  3102  31.1  1970    35   6  14
 157  Jun  6  104  67  24.9  1886  29.9  2481  34.9  3137  28.4  1998    37   5  16
 158  Jun  7  102  61  22.1  1908  27.1  2508  32.1  3169  24.9  2023    32   4  14
 159  Jun  8   99  64  22.8  1931  27.8  2536  32.8  3202  25.5  2048    41   7  17
 160  Jun  9  102  67  24.7  1956  29.7  2565  34.7  3236  28.0  2076    41   6  16
 161  Jun 10  100  67  24.6  1980  29.6  2595  34.6  3271  27.5  2104    37   7  16
 162  Jun 11  104  64  23.7  2004  28.7  2624  33.7  3305  26.9  2131    31   2  11
 163  Jun 12  110  65  24.8  2029  29.8  2653  34.8  3340  28.4  2159    33   3  12
 164  Jun 13  113  67  25.5  2054  30.5  2684  35.5  3375  29.6  2189    34   3  12
 165  Jun 14  114  72  27.5  2082  32.5  2716  37.5  3413  31.8  2221    35   4  15
 166  Jun 15  114  80  29.8  2111  34.8  2751  39.8  3452  35.0  2256    36   6  18
 167  Jun 16  113  83  30.4  2142  35.4  2787  40.4  3493  35.9  2292    35  10  18
 168  Jun 17  117  83  30.7  2173  35.7  2822  40.7  3533  36.4  2328    31   7  17
 169  Jun 18  116  86  31.0  2204  36.0  2858  41.0  3574  37.2  2365    29   7  17
 170  Jun 19  113  83  30.5  2234  35.5  2894  40.5  3615  36.1  2401    45  10  19
 171  Jun 20  111  83  30.5  2265  35.5  2929  40.5  3655  35.8  2437    37  10  20
 172  Jun 21  107  81  30.1  2295  35.1  2964  40.1  3696  34.9  2472    51  10  24
 173  Jun 22  103  80  29.8  2324  34.8  2999  39.8  3735  34.1  2506    48  16  28
 174  Jun 23   92  76  27.5  2352  32.5  3032  37.5  3773  29.1  2535    71  30  49
 175  Jun 24  102  71  26.4  2378  31.4  3063  36.4  3809  29.8  2565    81  21  44
 176  Jun 25  106  78  29.1  2408  34.1  3097  39.1  3848  33.5  2598    56  10  27
 177  Jun 26  108  76  28.4  2436  33.4  3131  38.4  3887  32.7  2631    41   8  19
 178  Jun 27  112  75  28.3  2464  33.3  3164  38.3  3925  32.7  2664    47   8  18
 179  Jun 28  108  83  30.6  2495  35.6  3200  40.6  3966  35.6  2699    38  12  23
 180  Jun 29  104  82  30.2  2525  35.2  3235  40.2  4006  34.9  2734    44  17  29
 181  Jun 30  105  76  28.6  2554  33.6  3268  38.6  4044  32.8  2767    60  19  36
 182  Jul  1  106  78  29.2  2583  34.2  3303  39.2  4084  33.5  2801    65  16  37
 183  Jul  2  105  84  30.7  2614  35.7  3338  40.7  4124  35.9  2836    58  19  38
 184  Jul  3  106  78  29.1  2643  34.1  3372  39.1  4164  33.5  2870    92  22  48
 185  Jul  4  100  76  28.3  2671  33.3  3406  38.3  4202  31.9  2902    93  30  55
 186  Jul  5  106  84  30.7  2702  35.7  3441  40.7  4243  35.8  2938    57  17  36
 187  Jul  6  109  83  30.6  2732  35.6  3477  40.6  4283  35.9  2974    50   9  22
 188  Jul  7  110  82  30.4  2763  35.4  3512  40.4  4324  35.7  3009    46  13  27
 189  Jul  8  110  86  31.0  2794  36.0  3548  41.0  4365  37.0  3046    53  17  33
 190  Jul  9  111  80  29.8  2823  34.8  3583  39.8  4404  34.8  3081    81  20  35
 191  Jul 10  110  74  27.9  2851  32.9  3616  37.9  4442  32.1  3113    98  21  55
 192  Jul 11  107  76  28.3  2880  33.3  3649  38.3  4481  32.7  3146    96  21  53
 193  Jul 12  105  84  30.7  2910  35.7  3685  40.7  4521  35.9  3182    59  23  39
 194  Jul 13  107  80  29.9  2940  34.9  3720  39.9  4561  34.5  3216    67  22  40
 195  Jul 14   95  76  27.9  2968  32.9  3753  37.9  4599  30.7  3247    89  33  56
 196  Jul 15  100  77  28.5  2997  33.5  3786  38.5  4638  32.2  3279    92  30  57
 197  Jul 16   99  80  29.6  3026  34.6  3821  39.6  4677  33.6  3313    86  30  58
 198  Jul 17  102  77  28.7  3055  33.7  3855  38.7  4716  32.6  3345    84  28  52
 199  Jul 18   99  82  30.0  3085  35.0  3890  40.0  4756  34.1  3379    75  33  53
 200  Jul 19  101  82  30.1  3115  35.1  3925  40.1  4796  34.5  3414    76  28  47
 201  Jul 20  103  83  30.5  3146  35.5  3960  40.5  4837  35.3  3449    66  26  44
 202  Jul 21  105  80  29.7  3175  34.7  3995  39.7  4876  34.2  3483    86  26  44
 203  Jul 22  106  77  29.0  3204  34.0  4029  39.0  4915  33.3  3517    95  23  56
 204  Jul 23   83  73  22.8  3227  27.8  4057  32.8  4948  22.8  3539   100  60  91
 205  Jul 24   81  72  21.7  3249  26.7  4084  31.7  4980  21.7  3561   100  72  92
 206  Jul 25   84  72  22.9  3272  27.9  4111  32.9  5013  22.9  3584   100  63  86
 207  Jul 26   98  73  26.8  3298  31.8  4143  36.8  5049  29.8  3614   100  32  69
 208  Jul 27  103  76  28.4  3327  33.4  4177  38.4  5088  32.3  3646    98  21  58
 209  Jul 28  103  76  28.4  3355  33.4  4210  38.4  5126  32.4  3678    90  22  52
 210  Jul 29  104  81  30.0  3385  35.0  4245  40.0  5166  34.7  3713    73  21  44
 211  Jul 30  102  77  28.6  3414  33.6  4279  38.6  5205  32.6  3746    87  26  47
 212  Jul 31  100  76  28.1  3442  33.1  4312  38.1  5243  31.6  3777    92  29  59
 213  Aug  1  104  81  29.9  3472  34.9  4347  39.9  5283  34.4  3812    78  22  48
 214  Aug  2  109  81  29.9  3502  34.9  4382  39.9  5323  34.9  3847    73  17  42
 215  Aug  3  111  84  30.9  3533  35.9  4418  40.9  5364  36.3  3883    59  14  35
 216  Aug  4  113  81  30.0  3563  35.0  4452  40.0  5404  35.2  3918    62   9  31
 217  Aug  5  109  83  30.5  3593  35.5  4488  40.5  5444  35.8  3954    61  20  38
 218  Aug  6  108  83  30.6  3624  35.6  4524  40.6  5485  35.7  3990    63  24  42
 219  Aug  7  106  78  29.3  3653  34.3  4558  39.3  5524  33.7  4023    73  20  42
 220  Aug  8  106  83  30.6  3684  35.6  4594  40.6  5565  35.7  4059    61  21  39
 221  Aug  9   90  75  26.4  3710  31.4  4625  36.4  5601  27.2  4086    92  45  65
 222  Aug 10   93  74  26.7  3737  31.7  4657  36.7  5638  28.6  4115    99  42  71
 223  Aug 11   97  77  28.3  3765  33.3  4690  38.3  5676  31.4  4146    90  40  68
 224  Aug 12   95  76  27.5  3793  32.5  4722  37.5  5714  30.1  4176    89  39  63
 225  Aug 13   99  74  27.1  3820  32.1  4755  37.1  5751  30.3  4207    90  34  56
 226  Aug 14   93  70  25.0  3845  30.0  4785  35.0  5786  26.7  4233   100  43  74
 227  Aug 15   98  79  29.2  3874  34.2  4819  39.2  5825  32.7  4266    88  37  63
 228  Aug 16  100  68  25.0  3899  30.0  4849  35.0  5860  28.1  4294   100  36  58
 229  Aug 17   92  70  24.5  3924  29.5  4878  34.5  5894  25.8  4320   100  45  74
 230  Aug 18   95  75  27.0  3951  32.0  4910  37.0  5931  29.6  4350    94  34  69
 231  Aug 19   96  73  26.4  3977  31.4  4942  36.4  5968  29.2  4379    97  29  60
 232  Aug 20   98  74  27.3  4004  32.3  4974  37.3  6005  30.5  4409    83  25  52
 233  Aug 21  100  73  26.7  4031  31.7  5006  36.7  6042  30.0  4439    86  23  49
 234  Aug 22  103  73  27.2  4058  32.2  5038  37.2  6079  30.9  4470    74  16  40
 235  Aug 23  105  70  26.4  4085  31.4  5069  36.4  6116  30.0  4500    65   9  32
 236  Aug 24  104  68  25.4  4110  30.4  5100  35.4  6151  28.9  4529    73  14  39
 237  Aug 25  108  73  27.4  4137  32.4  5132  37.4  6188  31.4  4561    75  17  41
 238  Aug 26  109  74  28.0  4165  33.0  5165  38.0  6226  32.0  4593    77  13  39
 239  Aug 27  111  75  28.3  4194  33.3  5198  38.3  6265  32.7  4625    68  13  36
 240  Aug 28  105  79  29.3  4223  34.3  5233  39.3  6304  33.7  4659    61  24  37
 241  Aug 29  108  78  29.2  4252  34.2  5267  39.2  6343  33.7  4693    65  16  36
 242  Aug 30  104  74  27.6  4280  32.6  5300  37.6  6381  31.5  4724    88  23  40
 243  Aug 31   94  74  26.5  4306  31.5  5331  36.5  6417  28.8  4753    96  38  76
 244  Sep  1   93  72  25.5  4332  30.5  5362  35.5  6453  27.1  4780   100  43  72
 245  Sep  2   96  74  26.9  4359  31.9  5393  36.9  6490  29.6  4810    95  38  69
 246  Sep  3  100  72  26.6  4385  31.6  5425  36.6  6526  29.8  4840    95  24  57
 247  Sep  4  105  76  28.3  4414  33.3  5458  38.3  6564  32.2  4872    74  19  44
 248  Sep  5  107  76  28.7  4442  33.7  5492  38.7  6603  32.9  4905    70  16  39
 249  Sep  6  103  74  27.5  4470  32.5  5525  37.5  6641  31.1  4936    78  22  45
 250  Sep  7  105  79  29.5  4499  34.5  5559  39.5  6680  33.9  4970    68  23  42
 251  Sep  8  105  79  29.5  4529  34.5  5593  39.5  6720  34.0  5004    67  25  44
 252  Sep  9  109  75  28.4  4557  33.4  5627  38.4  6758  32.8  5037    74  11  38
 253  Sep 10  108  75  28.1  4585  33.1  5660  38.1  6796  32.3  5069    58  13  31
 254  Sep 11  107  78  29.1  4614  34.1  5694  39.1  6835  33.7  5103    65  13  38
 255  Sep 12  108  75  28.0  4642  33.0  5727  38.0  6873  32.2  5135    60  11  33
 256  Sep 13  109  74  27.8  4670  32.8  5760  37.8  6911  32.2  5167    61  12  31
 257  Sep 14  106  76  28.6  4699  33.6  5793  38.6  6950  32.8  5200    52  13  30
 258  Sep 15  105  72  26.9  4726  31.9  5825  36.9  6987  30.7  5231    61  10  26
 259  Sep 16  105  69  25.6  4751  30.6  5856  35.6  7022  29.1  5260    59  14  30
 260  Sep 17   99  74  27.3  4778  32.3  5888  37.3  7059  30.6  5290    68  21  38
 261  Sep 18   98  74  27.3  4806  32.3  5921  37.3  7097  30.5  5321    89  32  59
 262  Sep 19   99  72  26.4  4832  31.4  5952  36.4  7133  29.5  5350    95  20  57
 263  Sep 20   99  68  24.7  4857  29.7  5982  34.7  7168  27.5  5378    63  16  37
 264  Sep 21  101  62  22.7  4880  27.7  6009  32.7  7200  25.5  5403    70  12  36
 265  Sep 22  103  64  23.4  4903  28.4  6038  33.4  7234  26.5  5430    64  14  34
 266  Sep 23   98  71  25.7  4929  30.7  6068  35.7  7270  28.5  5458    66  19  39
 267  Sep 24   89  70  24.0  4953  29.0  6097  34.0  7304  24.5  5483    78  28  49
 268  Sep 25   94  69  24.5  4977  29.5  6127  34.5  7338  26.6  5509    76  22  48
 269  Sep 26   77  68  17.9  4995  22.9  6150  27.9  7366  17.9  5527    95  54  79
 270  Sep 27   87  66  21.3  5016  26.3  6176  31.3  7397  21.4  5549    97  36  64
 271  Sep 28   92  67  23.3  5040  28.3  6204  33.3  7431  24.7  5573    80  29  51
 272  Sep 29   87  66  21.4  5061  26.4  6231  31.4  7462  21.6  5595    81  30  51
 273  Sep 30   90  63  20.8  5082  25.8  6257  30.8  7493  21.4  5616    75  24  44
 274  Oct  1   91  59  19.3  5101  24.3  6281  29.3  7522  20.1  5636    66  14  37
 275  Oct  2   93  57  18.5  5120  23.5  6304  28.5  7551  19.8  5656    74  14  38
 276  Oct  3   97  60  21.0  5141  26.0  6330  31.0  7582  23.4  5680    69  15  35
 277  Oct  4   98  64  22.7  5163  27.7  6358  32.7  7614  25.2  5705    76  17  39
 278  Oct  5   84  66  19.9  5183  24.9  6383  29.9  7644  19.9  5725    90  48  69
 279  Oct  6   91  59  19.1  5202  24.1  6407  29.1  7673  19.8  5745    96  22  58
 280  Oct  7   94  61  20.6  5223  25.6  6433  30.6  7704  22.3  5767    90  18  48
 281  Oct  8   94  62  21.2  5244  26.2  6459  31.2  7735  22.9  5790    74  24  45
 282  Oct  9   87  65  21.3  5265  26.3  6485  31.3  7766  21.4  5811    60  13  32
 283  Oct 10   84  56  15.4  5281  20.4  6506  25.4  7792  15.4  5827    58  14  31
 284  Oct 11   87  48  13.9  5295  17.6  6523  22.5  7814  14.0  5841    72  11  35
 285  Oct 12   71  47   5.8  5301   9.4  6533  14.0  7828   5.8  5847    51  13  26
 286  Oct 13   75  40   7.0  5308   9.9  6542  13.5  7842   7.0  5853    76  16  36
 287  Oct 14   80  44   9.6  5317  12.9  6555  16.9  7859   9.6  5863    59  14  32
 288  Oct 15   84  45  11.9  5329  15.5  6571  19.7  7878  11.9  5875    71   9  30
 289  Oct 16   90  50  15.4  5344  19.6  6590  24.6  7903  15.9  5891    56  12  27
 290  Oct 17   92  54  17.1  5361  21.9  6612  26.9  7930  18.0  5909    59  12  31
 291  Oct 18   85  55  15.1  5377  20.1  6632  25.1  7955  15.1  5924    56  25  40
 292  Oct 19   81  52  11.7  5388  16.2  6649  21.2  7976  11.7  5936    72  31  48
 293  Oct 20   86  51  14.2  5402  18.4  6667  23.4  8000  14.2  5950    78  16  47
 294  Oct 21   90  52  15.6  5418  20.3  6687  25.3  8025  16.2  5966    74  15  41
 295  Oct 22   89  52  15.6  5434  20.3  6708  25.3  8050  16.1  5982    72  13  37
 296  Oct 23   88  58  17.4  5451  22.4  6730  27.4  8078  17.6  6000    51  17  34
 297  Oct 24   89  55  16.4  5467  21.2  6751  26.2  8104  16.7  6016    62  17  38
 298  Oct 25   91  54  16.6  5484  21.5  6773  26.5  8130  17.4  6034    76  18  42
 299  Oct 26   76  57  11.2  5495  16.2  6789  21.2  8151  11.2  6045    62  18  36
 300  Oct 27   79  45   9.4  5505  12.7  6802  17.0  8168   9.4  6054    66  13  33
 301  Oct 28   88  44  13.3  5518  16.7  6818  21.1  8190  13.4  6068    76  13  36
 302  Oct 29   94  49  15.8  5534  19.8  6838  24.9  8214  17.3  6085    66   9  34
 303  Oct 30   90  49  15.0  5549  19.0  6857  23.9  8238  15.5  6101    59  13  32
 304  Oct 31   88  52  15.1  5564  19.6  6877  24.6  8263  15.3  6116    55  16  33
 305  Nov  1   84  53  14.0  5578  18.8  6896  23.8  8287  14.0  6130    63  19  39
 306  Nov  2   85  49  12.9  5591  17.3  6913  22.1  8309  12.9  6143    69  17  40
 307  Nov  3   86  49  13.5  5604  17.4  6930  22.4  8331  13.6  6156    69  16  40
 308  Nov  4   89  47  14.0  5618  17.8  6948  22.6  8354  14.3  6171    70  14  38
 309  Nov  5   90  47  14.5  5633  18.4  6967  23.0  8377  14.9  6186    74  14  38
 310  Nov  6   89  49  14.9  5648  19.2  6986  24.1  8401  15.3  6201    66  13  35
 311  Nov  7   87  47  13.7  5661  17.7  7004  22.3  8423  13.9  6215    69  15  36
 312  Nov  8   90  48  14.7  5676  18.7  7022  23.3  8446  15.3  6230    65  11  34
 313  Nov  9   84  47  11.9  5688  15.8  7038  20.4  8467  11.9  6242    74  16  39
 314  Nov 10   84  46  11.8  5700  15.3  7053  19.7  8487  11.8  6254    74  16  41
 315  Nov 11   85  46  12.3  5712  16.0  7069  20.4  8507  12.3  6266    74  12  38
 316  Nov 12   88  45  13.4  5725  16.9  7086  21.2  8528  13.6  6280    65  10  35
 317  Nov 13   87  44  12.8  5738  16.1  7102  20.3  8549  12.8  6292    64  11  35
 318  Nov 14   86  43  12.5  5751  15.8  7118  19.6  8568  12.5  6305    69  12  36
 319  Nov 15   86  42  12.1  5763  15.4  7134  19.5  8588  12.1  6317    77  12  35
 320  Nov 16   83  43  10.6  5773  14.1  7148  17.8  8605  10.6  6328    74  12  38
 321  Nov 17   78  42   8.4  5782  11.5  7159  15.3  8621   8.4  6336    70  16  41
 322  Nov 18   82  38   9.9  5792  12.9  7172  16.2  8637   9.9  6346    83  12  39
 323  Nov 19   83  46  11.3  5803  15.0  7187  19.6  8657  11.3  6357    58  12  29
 324  Nov 20   80  43   9.8  5813  13.0  7200  16.8  8673   9.8  6367    75  13  40
 325  Nov 21   82  49  11.6  5824  15.6  7216  20.5  8694  11.6  6379    73  13  33
 326  Nov 22   78  48   9.6  5834  13.2  7229  18.1  8712   9.6  6388    56  19  33
 327  Nov 23   75  56  10.5  5845  15.5  7244  20.5  8732  10.5  6399    67  23  40
 328  Nov 24   75  49   8.0  5853  11.7  7256  16.7  8749   8.0  6407    70  23  47
 329  Nov 25   73  49   7.4  5860  11.1  7267  16.0  8765   7.4  6414    56  14  34
 330  Nov 26   75  43   7.4  5867  10.4  7278  14.3  8779   7.4  6422    75  22  45
 331  Nov 27   77  42   8.0  5875  11.1  7289  14.7  8794   8.0  6430    80  21  46
 332  Nov 28   80  38   8.8  5884  11.8  7301  15.2  8809   8.8  6438    79  15  42
 333  Nov 29   82  40   9.8  5894  13.0  7314  16.6  8826   9.8  6448    67  13  38
 334  Nov 30   82  42  10.2  5904  13.4  7327  17.4  8843  10.2  6458    77  15  42
 335  Dec  1   84  41  11.0  5915  14.1  7341  17.9  8861  11.0  6470    81  13  43
 336  Dec  2   83  47  11.5  5927  15.2  7356  19.8  8881  11.5  6481    75  16  42
 337  Dec  3   80  45   9.6  5936  13.2  7370  17.2  8898   9.6  6491    73  18  43
 338  Dec  4   74  42   6.8  5943   9.8  7379  13.6  8912   6.8  6497    79  25  48
 339  Dec  5   77  36   7.3  5951  10.1  7389  13.2  8925   7.3  6505    86  18  45
 340  Dec  6   76  38   7.3  5958  10.2  7400  13.5  8939   7.3  6512    77  20  46
 341  Dec  7   76  43   7.8  5966  11.0  7411  14.9  8954   7.8  6520    78  18  42
 342  Dec  8   76  47   8.3  5974  11.8  7422  16.5  8970   8.3  6528    75  21  42
 343  Dec  9   76  43   7.6  5982  10.7  7433  14.4  8984   7.6  6536    96  26  52
 344  Dec 10   65  49   3.4  5985   6.8  7440  11.5  8996   3.4  6539    98  40  70
 345  Dec 11   67  41   3.5  5988   6.3  7446   9.5  9006   3.5  6543    87  22  56
 346  Dec 12   72  34   5.0  5993   7.4  7454  10.3  9016   5.0  6548    94  27  64
 347  Dec 13   73  36   5.5  5999   8.2  7462  11.3  9027   5.5  6553    94  32  65
 348  Dec 14   73  50   7.4  6006  11.1  7473  16.2  9043   7.4  6560    93  37  64
 349  Dec 15   60  38   1.0  6007   2.9  7476   5.7  9049   1.0  6561    91  24  59
 350  Dec 16   62  30   1.5  6009   3.4  7479   5.7  9055   1.5  6563    92  30  63
 351  Dec 17   62  31   1.5  6010   3.4  7483   5.7  9060   1.5  6564    89  32  60
 352  Dec 18   67  33   3.2  6013   5.3  7488   8.1  9069   3.2  6568    85  13  39
 353  Dec 19   69  33   3.9  6017   6.2  7494   9.1  9078   3.9  6572    68  20  38
 354  Dec 20   69  31   4.0  6021   6.3  7501   9.0  9087   4.0  6575    84  24  52
 355  Dec 21   66  41   3.1  6024   5.7  7506   9.0  9096   3.1  6579    83  27  53
 356  Dec 22   73  40   6.1  6031   9.0  7515  12.5  9108   6.1  6585    87  22  51
 357  Dec 23   77  53  10.3  6041  15.0  7530  20.0  9128  10.3  6595    63  16  39
 358  Dec 24   68  54   5.8  6047  10.7  7541  15.7  9144   5.8  6601   100  31  86
 359  Dec 25   62  49   2.3  6049   5.4  7546  10.3  9154   2.3  6603   100  76  96
 360  Dec 26   66  46   3.5  6052   6.5  7553  10.7  9165   3.5  6607   100  42  80
 361  Dec 27   58  43   0.6  6053   2.7  7555   5.9  9171   0.6  6607    97  53  82
 362  Dec 28   59  38   0.8  6054   2.7  7558   5.5  9176   0.8  6608    95  50  81
 363  Dec 29   62  40   1.6  6055   3.8  7562   6.7  9183   1.6  6610   100  43  79
 364  Dec 30   62  41   1.8  6057   4.2  7566   7.3  9190   1.8  6611   100  48  86
 365  Dec 31   58  49   0.6  6058   3.6  7570   8.5  9199   0.6  6612   100  76  93
 ---  ------  --- ---  ----  ----  ----  ----  ----  ----  ----  ----   --- --- ---
 DOY  Date    Max Min   HU   CUM    HU   CUM    HU   CUM    HU   CUM    Max Min Ave
                       ==========  ==========  ==========  ==========   ===========
                         86/55       86/50       86/45       94/55          RH
Maricopa

