2021,1,6,18.7,-1.1,7.7,71.1,17.8,43.6,.71,12.75,0,13.5,6.3,9.4,12.2,11.8,12,1.2,.6,159,52,3.3,1.4,2.2,1.8,.42,-4.9
2021,2,6,17.9,-1.9,7.5,79.3,18.6,45.5,.68,12.38,0,13.4,6.3,9.5,12.1,11.7,11.9,1.1,.2,131,61,4.8,1.1,2.1,1.7,.44,-4.6
2021,3,6,18.7,-1.6,7.3,87,20.8,48.1,.66,11.8,0,13.2,6.2,9.4,12,11.6,11.8,.9,.3,145,54,3.9,1.4,1.9,1.5,.45,-4
2021,4,6,21.1,-1.1,8.7,84.4,17.5,46.8,.75,12.83,0,14.6,6.6,10.6,11.9,11.5,11.8,1.1,.2,168,66,4.2,2.2,2.2,1.9,.48,-3.4
2021,5,6,21.4,1,10.4,81.1,17,42.5,.87,13.13,0,13.3,7.4,10.3,12.1,11.8,12,1.4,.6,186,57,4.5,2.5,2.6,2.2,.49,-3
2021,6,6,20.7,-.5,9.4,71.9,14.6,43.4,.82,12.01,0,12.7,6,9.3,12.1,11.6,11.9,1,.6,172,44,3.4,2.1,2.2,1.7,.46,-3.7
2021,7,6,21.2,0,9.6,76.1,14.1,40.8,.87,12.87,0,12.8,6,9.2,11.9,11.4,11.7,.8,.4,172,49,3.2,2.4,2.3,1.7,.44,-4.5
2021,8,6,20.4,-.1,9.8,67.1,14,39,.87,11.5,0,12.2,5.9,9,11.7,11.4,11.6,1.2,.6,158,52,3.6,2,2.2,2,.43,-4.7
2021,9,6,19.5,.1,9.1,70.7,11.6,35.8,.86,13.43,0,11.3,5.5,8.3,11.6,11.2,11.4,1.9,.7,234,63,8.1,1.7,2.9,2.6,.37,-6.6
2021,10,6,18.9,-1.1,8.2,67.4,16.4,38,.81,13.45,0,11.6,4.8,7.9,11.3,10.8,11.1,1.2,0,346,72,4.8,1.5,2.6,1.9,.38,-6.4
2021,11,6,18.9,2,9.6,58.6,17.9,37.5,.86,13.33,0,11.9,5.6,8.3,11.1,10.7,10.9,2.1,1.5,10,41,8,1.6,3.2,2.7,.42,-5
2021,12,6,19.3,-.5,8.3,72.4,12.9,37.8,.81,13.64,0,12.8,5.2,8.6,11,10.7,10.9,1.3,.3,4,65,4.6,1.7,2.6,2,.37,-6.6
2021,13,6,19.8,-2.5,8.2,68.3,10.2,34.6,.88,13.66,0,12.9,5,8.6,11.1,10.7,10.9,1.3,.6,171,54,4.1,1.8,2.7,2.2,.33,-8.3
2021,14,6,22.1,.4,10.4,67.3,12.8,33.1,1.01,13.25,0,14,6.3,9.8,11.1,10.8,11,1.2,.3,191,61,3.8,2.7,2.7,2.2,.38,-6.5
2021,15,6,24.8,1.4,12.3,68.3,8.3,32.7,1.21,14.15,0,14.5,7,10.5,11.5,11.1,11.3,1.7,.5,311,64,7.3,3.8,3.6,3.1,.39,-5.9
2021,16,6,25,2.1,12.2,59,9.4,29.4,1.2,13.54,0,15.3,7.8,11.1,11.8,11.4,11.6,1.2,.3,149,64,4,4,3,2.4,.37,-6.6
2021,17,6,26.2,1.2,12,58.2,7.9,30.1,1.21,14.44,0,15.6,7.6,11.2,12,11.7,11.9,1.2,.5,153,56,4.2,4.5,3.2,2.6,.36,-6.9
2021,18,6,21.7,-.7,11.5,66.6,10.8,30.2,1.12,12.76,0,14.6,7.5,11.1,12.2,11.8,12,1.2,.2,185,64,10.3,2.5,2.6,2.2,.37,-6.7
2021,19,6,22.4,10.7,16.7,87.9,19.9,46,1.09,11.49,.25,15.8,11.4,13.3,12.6,12,12.3,4.5,1.8,36,62,13.6,4.1,3.7,4.1,.85,4.6
2021,20,6,23.7,11.5,17.8,72.7,25.5,37.2,1.31,12.57,0,17.6,13,14.8,13.4,12.6,13,4.2,4,73,18,9.9,5,4.4,4.6,.75,2.9
2021,21,6,21.8,11.6,15.8,91.7,43.5,66.1,.66,11.09,.25,18,13.5,15.1,13.9,13.4,13.6,2.4,1.2,123,56,8.6,4.1,2.3,2.5,1.17,9.2
2021,22,6,20.7,10.4,14.5,95.5,42.1,70.4,.55,11.35,0,17.4,13.1,14.9,14.2,13.9,14,2.7,2.1,156,36,7,3.3,2.1,2.4,1.13,8.8
2021,23,6,18.3,10.2,13.5,80.3,38.8,62.8,.61,8.49,0,15.9,12.7,14.2,14.3,14.1,14.2,3,2.1,166,43,7,2.1,1.8,2.4,.96,6.3
2021,24,6,13.5,6.4,9.9,94.2,45.4,73.8,.33,8.56,2.29,13.6,11,12.4,14.3,13.9,14.1,2.6,1.9,193,43,10,.1,1.2,1.6,.89,5.3
2021,25,6,13,4.2,8.1,93.3,57.5,79.8,.23,5.41,3.81,11.1,8.7,10.3,13.9,13.2,13.6,4.9,4.3,157,30,14.8,0,.9,1.6,.86,4.7
2021,26,6,12.6,2.1,6.7,95.1,35.3,68.1,.36,10.93,0,11,7.1,8.7,13.2,12.3,12.7,2.6,1.5,204,52,8.6,0,1.8,1.8,.64,.7
2021,27,6,17,-1.3,7.3,100,23.4,67,.47,15.22,0,12.4,5.3,8.7,12.3,11.6,12,2.4,2,23,32,9.1,.9,2.8,2.3,.63,.3
2021,28,6,22.3,4.8,12.7,79.8,17.1,47.2,.94,12.74,0,14.6,7.7,10.6,11.9,11.6,11.8,2.1,1.1,57,54,7,3.1,2.9,3,.63,.4
2021,29,6,20.4,7.4,12.9,100,25,61.9,.67,10.17,2.79,15.1,9.9,12.1,12.5,11.9,12.2,2.8,1.4,207,56,11.2,2.7,2.4,2.8,.87,4.9
2021,30,6,16.7,1.4,8.9,100,42.9,83.2,.27,14.11,.25,15.1,8.1,11.2,12.6,12.2,12.4,1.1,.3,337,61,3.7,.9,1.9,1.5,.92,5.8
2021,31,6,21.9,1.6,11.5,100,21.6,63.2,.72,14.97,0,15.7,7.6,11.5,12.6,12.2,12.4,1.3,.7,350,51,4.6,2.7,2.8,2.3,.76,3
2021,32,6,22.4,7.4,15.3,78.7,20.3,44,1.07,7.35,0,15.3,10.5,13.1,13,12.5,12.7,2.1,1.9,348,26,5.6,3.5,2,2.8,.73,2.4
2021,33,6,28,10.8,18.5,76.1,20.9,48.1,1.29,14.09,0,18.3,11.8,14.7,13.5,13,13.2,.8,.1,99,57,3.6,6.8,3.1,2.4,.95,6.2
2021,34,6,27.8,14.6,20.5,72.7,22.7,43.4,1.49,14.07,0,18.3,13.7,15.5,14.2,13.5,13.9,2,1.3,222,43,8.2,8.4,3.8,3.6,1,7
2021,35,6,22.9,9.2,17.6,57.8,15.4,29.9,1.48,16.4,0,16.5,11.8,14.1,14.4,14.2,14.3,3.1,2.5,238,37,9,4.1,4.9,4.2,.58,-.8
2021,36,6,20.5,3.3,11.7,63.4,16.7,35.5,1,16.58,0,16.9,9.3,12.8,14.4,13.9,14.1,1.9,.9,206,59,7,2.3,3.7,3,.45,-4
2021,37,6,22.7,.8,11.4,74.3,13.5,39.6,1.01,16.93,0,17.3,8.9,12.8,14.1,13.6,13.9,1.1,.3,193,61,4,3,3.4,2.5,.47,-3.6
2021,38,6,23.3,2,11.9,66,14.3,39.7,1,16.85,0,17.4,9.1,13,14,13.6,13.8,1.2,.2,92,66,3.8,3.3,3.4,2.7,.51,-2.5
2021,39,6,24.5,2.3,13.1,70.8,12.6,38.2,1.15,17.11,0,18,9.6,13.5,14,13.6,13.8,1.1,.2,68,65,4.4,3.9,3.6,2.7,.51,-2.5
2021,40,6,24,3.2,13.4,69.9,14.6,37.7,1.14,12.41,0,16.5,10,13.3,14.1,13.7,13.9,1.2,.4,329,58,4.2,3.7,2.7,2.6,.52,-2.1
2021,41,6,24.1,8.5,15.5,68.5,15.7,36,1.25,15.88,0,18.9,11.7,14.8,14.3,13.9,14,1.4,.2,195,67,4.6,4.5,3.6,2.9,.59,-.4
2021,42,6,25.5,4.6,14.2,74.3,15.2,38.7,1.19,17.31,0,19,10.9,14.6,14.5,14.1,14.3,1.2,.7,164,44,4,4.6,3.7,2.9,.57,-1
2021,43,6,23.4,10.8,16.1,66.7,18.9,38.5,1.2,15.83,0,18.7,12.9,15.3,14.8,14.4,14.6,3.9,2.4,195,51,10.8,4.6,4.9,4.9,.68,1.5
2021,44,6,21.9,7.1,14.1,75,25.4,50.7,.9,12.36,0,16.6,12.1,14.3,14.9,14.6,14.8,3.9,2.7,180,45,11,3.3,3.5,4,.77,3.2
2021,45,6,18.7,6.3,13,60,16.9,34.3,1.04,17.51,0,17.4,11.8,14.3,14.8,14.5,14.6,3,2.5,253,32,8.5,1.8,4.5,3.7,.49,-2.9
2021,46,6,19.6,1.4,10.7,56.1,13.2,30.7,.99,15.37,0,16.8,9.9,13.2,14.7,14.2,14.5,1.9,1,174,54,5.2,1.8,3.4,3.2,.37,-6.8
2021,47,6,21.2,6.3,13.9,60.8,11,32,1.16,17.72,0,17.2,11.4,13.9,14.4,14.1,14.3,3.6,2.4,244,47,11.4,2.8,5.1,4.5,.5,-2.9
2021,48,6,19.2,3.1,11.8,47.2,10.2,24.1,1.15,18.49,0,16.3,10,13.2,14.5,14.1,14.3,3.6,2.9,271,35,10.9,1.8,5.4,4.5,.31,-9.1
2021,49,6,17.9,1.2,10.5,48.5,12.2,24,1.05,19.06,0,17.1,9.5,13,14.3,13.9,14.1,2.5,1.8,330,43,6.5,1.3,4.5,3.7,.29,-10
2021,50,6,21.7,-.6,10.9,68.8,9.2,29.7,1.1,18.9,0,17.9,9.1,13.1,14.2,13.7,14,1.3,.2,53,68,4.8,2.5,3.9,3,.34,-8
2021,51,6,27.4,2.4,14.4,56.8,7.3,25.4,1.5,19.17,0,18.1,9.9,13.9,14.2,13.8,14,3.2,2,252,47,12.1,5,5.8,5.7,.35,-7.5
2021,52,6,21,5.3,13.2,49.5,8.5,24,1.24,19.48,0,18.9,11.3,14.8,14.5,14.1,14.3,2,1.1,309,52,5.8,2.7,4.6,3.7,.34,-7.8
2021,53,6,24.8,.2,12.5,63.9,7.1,26.5,1.33,19.85,0,18.8,9.9,14.1,14.7,14.2,14.5,1.4,.3,211,67,5.2,3.8,4.5,3.6,.31,-8.9
2021,54,6,26.9,2.9,14.7,52.4,7.2,23.7,1.5,19.48,0,19.7,10.6,14.8,14.7,14.3,14.5,1.4,.4,186,62,5.2,5,4.5,3.7,.35,-7.5
2021,55,6,27,3.8,15.3,44.8,10.2,24.9,1.5,19.64,0,20.4,11.5,15.6,14.9,14.6,14.7,1.6,.5,184,61,6.7,5,4.7,4,.4,-5.7
2021,56,6,19.3,5.9,14,38.2,10.7,21,1.32,20.01,0,18.4,12.4,15.1,15.2,14.9,15,3.3,2.3,233,45,9.7,2.1,5.6,4.6,.32,-8.5
2021,57,6,22.2,.1,11.2,63.3,7.8,26.5,1.14,20.42,0,19.1,10.4,14.4,15.2,14.7,14.9,1.6,.5,157,62,5.8,2.8,4.4,3.6,.31,-8.9
2021,58,6,22.5,.2,12.6,60,8,23.8,1.3,20.31,0,18.5,10.3,14.3,15.1,14.6,14.8,2.3,1.4,238,49,7.9,2.8,5.1,4.3,.3,-9.5
2021,59,6,17.7,3.7,11.2,27.2,5.2,13.9,1.2,20.22,0,16.5,11,13.6,15,14.6,14.8,4.6,4,312,30,13.7,1.3,6.3,5.4,.18,-16
2021,60,6,21.2,-1.1,10.4,41.5,8.5,19.4,1.18,20.98,0,17.8,8.4,13.1,14.7,14,14.4,1.6,.9,6,52,6.3,2.3,4.7,3.6,.22,-13.2
2021,61,6,26,2.9,14.7,51.3,4.9,22.5,1.55,21.01,0,15.4,9.6,12.6,14.6,14.1,14.3,2.8,1.9,63,46,11.1,4.5,6,5.4,.32,-8.7
2021,62,6,29.3,3.6,15.8,57.9,5.7,27.5,1.55,20.24,0,14.8,8.2,11.7,14.2,13.6,13.9,4,3.1,190,37,17.8,6,6.8,6.9,.46,-4
2021,63,6,21.7,7.7,14.5,75.4,27.2,49.9,.92,20.19,0,17.8,9.8,13.4,13.9,13.6,13.7,1.9,.5,172,65,5.9,3.3,3.1,3.5,.79,3.5
2021,64,6,27.5,3.5,15.7,73,13.8,38,1.4,21.35,0,19.8,10.1,14.6,14.3,13.9,14,1.3,.7,350,48,5.6,5.2,4.9,3.9,.59,-.6
2021,65,6,30.4,6.8,19.9,52.2,8.4,23.6,2.04,21.11,0,20.8,11.9,16,14.9,14.3,14.5,2.7,2,82,38,9.7,7.2,6.4,5.9,.49,-3.1
2021,66,6,31.5,5.8,19,57.5,8.7,26.3,1.97,19.18,0,21.2,12.4,16.7,15.3,14.9,15.1,1.2,.4,195,60,5.3,7.3,4.8,4,.5,-2.7
2021,67,6,29.5,14.5,21.9,38.3,7.5,20.7,2.21,18.62,0,21.7,15.6,18.3,16,15.3,15.6,2.5,1.7,175,45,8.2,9.2,5.9,5.5,.51,-2.5
2021,68,6,26.4,14.3,19,47.8,13.5,24.5,1.72,18.99,0,21.3,15.6,18,16.4,16,16.2,3.7,2.7,217,42,13.5,7.6,6.4,6.3,.53,-2
2021,69,6,20.4,6.5,13.7,50.8,16.7,30.7,1.16,22.01,0,19.9,13.3,16.5,16.5,16.1,16.3,2.6,2.1,223,35,9.6,2.6,5.3,4.4,.46,-3.9
2021,70,6,20.7,4.1,12.4,67.3,18.5,43.2,.91,18.61,0,19.7,12.3,15.7,16.4,15.8,16.1,2.2,1.1,214,55,9.5,2.5,4.1,3.7,.59,-.4
2021,71,6,15.4,7.6,10.8,95.8,35.3,70.8,.41,15.78,2.03,17.4,13.4,15.2,16.1,15.8,15.9,2.6,.6,235,68,9.9,.6,2.7,2.6,.89,5.3
2021,72,6,16.7,6.3,10.7,96.1,28.3,67,.5,15.38,1.52,16.2,11.7,13.9,15.8,15.3,15.6,2.9,1.4,209,57,10.7,1.1,2.9,3,.81,3.9
2021,73,6,21.1,2.3,12,99.7,22.6,60.1,.72,21.98,0,18.8,10.2,14.2,15.4,14.8,15.1,2.2,1,193,58,8.5,2.5,4.3,3.6,.76,3
2021,74,6,24,5.3,14.5,80,14.3,40.3,1.16,15.74,0,18.2,11.8,14.6,15.2,14.9,15.1,2.6,1.9,170,41,11.9,4,4,4.4,.59,-.5
2021,75,6,16.3,5.1,11.3,55.6,22.5,37.5,.87,21.08,0,18.5,12.6,15.1,15.2,15,15.1,3.5,2.6,239,40,11.8,.9,4.8,4.1,.49,-2.9
2021,76,6,22.2,1.7,12.2,76.5,19.3,39.1,1.04,22.78,0,20,10.6,15,15.3,14.9,15.1,1.1,.2,73,62,4.6,2.9,4.5,3.5,.51,-2.6
2021,77,6,27.9,4.3,16,66.4,10.2,33.6,1.5,23.03,0,21.5,11.8,16.4,15.5,15.1,15.3,1.1,.3,181,59,4.6,5.6,5,4,.53,-2
2021,78,6,29.8,5.4,18.2,60.1,6.2,27.2,1.81,23.39,0,22.5,13,17.5,16,15.5,15.7,1.2,.2,134,67,4.5,6.6,5.6,4.4,.48,-3.2
2021,79,6,29.7,12.1,20.8,43.5,16.2,25.6,2,23.05,0,23,14.5,18.6,16.5,16,16.2,2.9,1.8,199,51,7.6,8.1,6.8,6.3,.62,.2
2021,80,6,25.7,10.6,19.2,48.7,5.6,21.7,1.85,24,0,22.3,15.7,18.9,17,16.5,16.8,3.3,3,237,25,9.7,5.7,7.3,6.3,.43,-4.7
2021,81,6,21.7,9.2,15.7,34.1,7.9,16.6,1.54,23.84,0,21.3,14.7,17.7,17.2,16.8,17,3.4,2.3,271,45,10,3.5,6.7,5.9,.28,-10.2
2021,82,6,21.4,8.7,14.3,60.7,14.1,31.5,1.16,15.9,0,18.5,13.7,16.3,17.1,16.6,16.8,4.1,2.2,205,55,10.3,3.3,4.8,5.3,.52,-2.3
2021,83,6,22,5.8,13.9,86.5,16.2,44.1,1.03,22.52,0,20.5,13,16.6,16.7,16.3,16.5,2.3,1.6,255,45,10.3,3.2,5.2,4.4,.63,.4
2021,84,6,22.5,8.4,15.3,46,9,27.2,1.37,15.95,0,18.1,13.2,15.8,16.6,16.2,16.4,5.4,4.9,169,26,12.3,3.7,6,6.4,.44,-4.5
2021,85,6,19.8,8.3,13.9,70.2,26.8,47.4,.88,15.3,0,19,13.7,16.1,16.4,16.1,16.2,2.8,1.4,198,56,7.6,2.5,3.5,3.8,.74,2.6
2021,86,6,25.2,4.9,15.1,83.3,16.3,43.1,1.22,24.59,0,21.4,12.5,16.7,16.4,16,16.2,1.9,.9,314,56,7.4,4.4,5.7,4.7,.65,.8
2021,87,6,30.2,5.4,18.3,66.7,8.2,29.8,1.84,25.27,0,23,13.5,18,16.7,16.3,16.4,1.7,1,35,49,7,6.7,6.5,5.4,.52,-2.2
2021,88,6,30.8,6.9,20.1,64.3,6.5,23.2,2.15,21.85,0,23.3,14.5,18.9,17.2,16.7,16.9,1.6,.7,203,56,5.8,7.2,5.7,5.1,.45,-4
2021,89,6,30,11.6,21.2,42.2,6,16.6,2.29,25.53,0,24.3,15.6,19.8,17.7,17.2,17.4,2.4,1.2,223,57,8.3,8.1,7.4,6.5,.38,-6.5
2021,90,6,31,5.9,19.8,50.2,4.8,15.5,2.26,25.63,0,23.1,15.3,19.4,18,17.6,17.8,2,1,356,52,7.3,7.2,7.2,6,.29,-9.6
2021,91,6,34,11.9,24.2,34.9,7.3,16.1,2.77,23.76,0,20.2,15,17.8,18.3,17.8,18.1,4.1,3.4,51,34,10.2,9.5,8.8,8.9,.48,-3.4
2021,92,6,33.1,13.4,24.5,41.9,8,18.9,2.71,25.2,0,22.5,14.9,18.5,17.9,17.5,17.8,1.7,.7,216,55,6.8,9.9,7.1,5.8,.53,-1.9
2021,93,6,35.8,14.3,25.1,41.8,8.4,20.6,2.83,25.19,0,25,15.3,19.9,18.2,17.8,17.9,1.5,.3,165,69,5.7,10.9,7,5.9,.6,-.2
2021,94,6,36.7,13.5,25.9,41.7,5.6,18.9,3.06,25.88,0,26.7,16.9,21.6,18.8,18.2,18.5,1.6,.8,210,54,6.7,10.7,7.3,6.2,.54,-1.6
2021,95,6,35,14.9,25.8,42.1,5.1,15.2,3.05,23.56,0,26.1,18,21.9,19.3,18.8,19.1,2.9,2.1,206,42,8.9,11.1,7.7,7.7,.46,-3.8
2021,96,6,32.3,17.3,25.6,34.4,5.8,14.4,2.91,25.32,0,26.4,19.4,22.7,19.8,19.3,19.5,3.2,2.7,243,32,9.8,11.7,8.5,7.9,.46,-4
2021,97,6,32.7,9.8,23,34.1,2.5,12.6,2.69,26.63,0,26.6,17.8,22.1,20,19.6,19.8,1.9,.8,242,60,6.1,8.5,7.4,6.3,.31,-9.1
2021,98,6,33,16,26.3,29.7,10.6,18.4,2.91,24.2,0,26.1,19.3,22.6,20.2,19.9,20,3.3,2.7,229,34,8.8,11.1,8.1,7.8,.61,0
2021,99,6,33.9,16,25.6,44.1,4.2,18,2.91,26.89,0,27.7,19.7,23.4,20.5,20.1,20.3,2,1.1,253,51,7,11.4,7.8,6.6,.51,-2.4
2021,100,6,34.9,12,24.5,36.7,4.8,15,2.92,26.94,0,27.3,18.8,23,20.7,20.3,20.6,2.2,1.1,211,56,8.7,9.8,8.1,7.1,.4,-5.6
2021,101,6,34.4,13.8,25.2,31.2,6.9,14.8,2.94,24.67,0,27.6,19.5,23.4,20.9,20.5,20.7,1.9,.7,181,62,5.6,10.4,7.2,6.4,.45,-4.2
2021,102,6,33.3,15,25.1,48.8,9.8,23.3,2.66,24.75,0,28.3,20.2,24.1,21.2,20.8,21,1.9,1.3,206,43,6.2,10.8,7,6.2,.68,1.4
2021,103,6,32.6,15.6,24.3,38.4,9.9,21.9,2.53,24.06,0,28.1,20.3,24,21.4,21.1,21.3,3.4,2.4,177,43,8.2,10.9,7.7,8,.63,.4
2021,104,6,31.3,14.7,23.6,43.5,7.2,20.3,2.48,22.77,0,27.3,20.3,23.8,21.6,21.3,21.5,3.1,2.3,195,41,7.9,10,7.3,7.3,.55,-1.6
2021,105,6,27.3,12.2,20.6,48.6,7.1,21.1,2.04,22.36,0,25.8,19.7,22.8,21.7,21.3,21.5,2.7,2.2,228,37,9.3,7,6.7,6.3,.47,-3.7
2021,106,6,28,9.7,19,51,5.8,23.3,1.89,18.09,0,25.7,18.4,21.9,21.5,21,21.3,1.2,.6,206,52,6.2,6.6,4.5,4.3,.44,-4.4
2021,107,6,29.9,9.2,20.3,42.8,6.3,17.2,2.19,25.44,0,23.6,16.6,20.1,21.4,20.7,21,2.4,1,283,59,8.7,7.5,7.1,6.6,.37,-6.8
2021,108,6,28.8,11.9,20.4,51.9,12.1,25.6,1.91,22.9,0,21.5,15.4,18.2,20.8,20,20.3,2.8,2,12,40,15.7,7.7,6.9,6.4,.58,-.7
2021,109,6,30.6,10.8,21,56.7,7.7,27.6,2.05,25.64,0,24,14.9,19.2,20,19.4,19.7,1.6,.4,307,65,6.8,8.1,6.6,5.7,.61,0
2021,110,6,33.8,13.3,23.9,36.4,4.4,15.7,2.8,26.21,0,26.6,15.8,20.9,20,19.5,19.7,2.5,1.8,163,43,6.2,10,7.8,7.5,.4,-5.7
2021,111,6,33.1,15.2,24.1,27.3,2.8,11.6,2.86,26.15,0,25.5,17.8,21.6,20.4,20,20.1,5.4,4.8,172,28,13.5,10.8,11,10.8,.3,-9.2
2021,112,6,28.1,14.5,21.5,41.7,12.2,24.6,2.05,25.74,0,26.9,18.3,22.3,20.7,20.3,20.4,3.1,2,209,49,8.8,8.5,7.5,7,.6,-.2
2021,113,6,29.7,13,21.6,59.7,11.3,30.8,1.97,25.6,0,27.8,19.1,23.3,21.1,20.7,20.8,2.8,1.7,211,51,10.3,8.6,7.1,6.7,.73,2.4
2021,114,6,33.4,11.8,23.9,55.6,7.3,23.7,2.58,26.01,0,28.7,19.6,24,21.5,21.1,21.2,2.5,1.6,172,47,8.8,9.4,7.7,7.2,.61,0
2021,115,6,34.7,16,25.4,46,5.5,16.3,2.98,26.67,0,29.3,20.4,24.8,22,21.5,21.7,3.2,2.2,175,42,9.8,11.5,8.7,8.6,.47,-3.6
2021,116,6,25.9,16,21.1,46.2,14.1,22.9,1.98,15.67,0,25.5,21.3,23.3,22.3,22,22.1,3.7,2.7,212,42,8.7,8.1,5.5,6.6,.56,-1.2
2021,117,6,24,14.3,18.3,64.4,13.4,31,1.52,24.18,0,27.1,20.1,23.2,22.1,21.7,21.9,2.7,2.3,243,31,9.7,6.4,6.2,5.9,.62,.1
2021,118,6,27.3,8.6,18.2,73.2,17.1,39.2,1.4,23.6,0,27.7,19,23.2,22.1,21.6,21.9,2.3,.6,61,67,11,6.1,5.8,5.5,.79,3.5
2021,119,6,33.4,10.4,22.3,74.9,12.2,38.2,2.05,26.42,0,29.9,19.6,24.5,22.2,21.7,21.9,1.6,.8,123,53,7.6,8.9,6.7,6.1,.89,5.2
2021,120,6,35.9,13.2,26.1,62,8.5,24.8,2.89,26.52,0,31.1,21.4,26,22.8,22.2,22.4,2,1.2,128,47,6.7,10.5,7.6,7,.74,2.6
2021,121,6,38,16.5,27.6,55.8,6.1,19.5,3.28,22.86,0,31,22.9,26.8,23.4,22.8,23.1,2.3,.6,211,67,9,12.3,7.4,7.6,.64,.6
2021,122,6,34,16.9,26.6,41.7,4,17.1,3.08,27.35,0,30.7,23,26.8,23.8,23.4,23.6,3.7,2.8,203,39,10.4,11.8,9.4,9.1,.53,-1.9
2021,123,6,31.9,16.2,24,42.7,9.1,24.1,2.44,26.56,0,30.9,22.9,26.7,24,23.7,23.9,3,1.7,209,52,10.2,11,8,7.8,.67,1.3
2021,124,6,34.5,16.4,25.3,54.4,8.3,23.5,2.75,27.06,0,32.2,22.6,27.2,24.3,23.8,24,2,.9,172,59,6.2,11.7,7.5,7,.67,1.2
2021,125,6,36.6,15.1,26.9,51.5,5,18.7,3.23,25.27,0,31.1,23.2,27.2,25,24.3,24.4,1.6,.6,135,62,5.8,11.4,7.1,6.5,.58,-.8
2021,126,6,38.1,17.6,28.5,40.3,7.3,18.8,3.53,27.3,0,28.3,21.1,24.7,25.4,24.6,25,2.6,1.5,201,51,7.5,12.8,8.5,8.5,.64,.7
2021,127,6,35.7,17.3,27.4,32.6,6.3,16.5,3.28,27.9,0,29.3,19,24,24.7,23.7,24.2,2,.9,198,58,6.9,12.3,8.1,7.4,.56,-1.3
2021,128,6,34.2,15.6,25.7,33.1,9.1,18.8,2.9,27.47,0,31.1,20.3,25.6,24.1,23.6,23.9,2.4,1.1,192,59,8,11.2,8.2,7.7,.58,-.6
2021,129,6,34.9,17.9,26.5,35.5,7.3,19.1,3.05,27.68,0,31.8,22,26.7,24.4,23.9,24.1,2.8,1.7,175,51,7.7,12.4,8.6,8.3,.6,-.3
2021,130,6,35.4,16.9,29.3,57.7,3.9,10.7,3.81,29.6,5.84,31.9,22.5,28.2,24.7,24.3,24.4,2.5,1.5,210,52,7.9,12.1,8.6,8.3,.4,-5.8
2021,131,6,35.6,13.1,25.3,46.8,4.8,16.3,3.01,30.21,0,32.5,22.6,27.4,24.9,24.5,24.7,1.8,.7,164,60,7,10.4,8.4,7.3,.45,-4.1
2021,132,6,37.3,16.4,27.3,35.2,4.2,16.4,3.36,30.08,0,33.5,23.2,28.2,25.2,24.8,25,1.9,.8,170,58,4.8,12.2,8.5,7.6,.53,-2.1
2021,133,6,38.6,15.6,28.6,44.5,3.9,15.4,3.68,29.9,0,33.9,24.3,29,25.7,25.2,25.4,1.9,1,198,55,5.5,12,8.8,7.9,.52,-2.2
2021,134,6,38.3,19.8,29.6,32,5.6,14.3,3.82,29.81,0,34.2,25,29.5,26.1,25.6,25.8,2.8,1.9,184,47,7.6,13.8,9.6,9.2,.56,-1.2
2021,135,6,37.1,19.1,28.4,25.6,5.8,12.7,3.57,30.17,0,33.5,25.7,29.5,26.4,26,26.2,3.9,3.1,166,35,11.2,13.3,10.5,10.5,.47,-3.6
2021,136,6,34.2,16,25.5,39.4,7.9,18.4,2.85,29.84,0,32.8,24.8,28.7,26.6,26.1,26.3,3.2,2.2,197,45,11.8,11.4,9.4,8.9,.56,-1.2
2021,137,6,31.4,15.1,24.1,43.8,13,24.3,2.41,29.52,0,32.7,24.3,28.4,26.5,26,26.3,2.3,1.4,209,50,8.1,10.3,8.1,7.2,.7,1.8
2021,138,6,34.5,17.9,26.6,53.2,13.2,28.6,2.72,29.26,0,32.5,24.7,28.6,26.4,26,26.2,2.9,2.2,221,41,8.6,12.4,8.9,8.3,.92,5.8
2021,139,6,38.3,18.9,29.2,55.7,9.6,22.8,3.43,29.57,0,34.4,25.3,29.7,26.6,26.1,26.3,3.1,2.2,193,44,9.3,13.4,9.6,9.4,.83,4.3
2021,140,6,37.1,19.6,29,42.6,6.9,20.2,3.43,27.41,0,34,25.9,29.8,26.9,26.6,26.7,3.5,2.4,197,44,12.4,13.6,9.5,9.6,.73,2.5
2021,141,6,30.2,17,24.8,42.6,4.9,11.7,2.83,28.65,0,32.7,26.8,29.5,27.1,26.9,27,3.6,3.1,250,28,11.9,10.8,9.7,8.7,.35,-7.5
2021,142,6,28,11.4,20.3,45.9,3.8,18.9,2.1,30.46,0,30.5,23.5,27,27.2,26.4,26.8,3.3,2.7,240,33,11.5,7.1,9.1,7.8,.4,-5.8
2021,143,6,30.8,9,20.8,52.1,2.5,16.9,2.34,31.2,0,32,21.8,26.8,26.6,25.7,26.2,1.3,.2,237,69,6,7.8,7.7,6.1,.33,-8.2
2021,144,6,34.4,10.9,23.5,35,3.2,15.7,2.79,30.93,0,32.9,22.6,27.6,26.2,25.7,26,1.6,.5,190,64,6.3,9.2,8.2,6.9,.38,-6.5
2021,145,6,36.7,16.1,27,42.1,4.8,13.5,3.4,28.41,0,33,23.9,28.4,26.3,25.9,26.1,2,.9,149,57,6,12,8.3,7.6,.42,-5
2021,146,6,36.4,18.5,28.1,34.1,5.7,15.4,3.43,25.84,0,33.3,25.1,29.2,26.6,26.2,26.4,1.8,.8,147,60,6.1,13,7.6,7.1,.54,-1.7
2021,147,6,36.6,15.4,27.2,45.2,5.4,17.5,3.29,30.85,0,34.7,24.7,29.6,26.9,26.4,26.7,1.5,.8,166,52,5.4,11.6,8.5,7.2,.56,-1.3
2021,148,6,38.2,17.4,29.1,32.3,5.6,15.5,3.71,30.8,0,35.5,25.7,30.5,27.3,26.8,27,2.1,.9,192,60,7.6,12.7,9,8.2,.57,-1.1
2021,149,6,38.6,17.9,29.3,36.7,3.2,15.1,3.8,31.01,0,35,26.4,30.6,27.6,27.2,27.4,3,2,186,46,9.8,13,10.3,9.7,.53,-1.8
2021,150,6,38,15.6,28.3,51.8,7.2,19.6,3.44,30.33,0,35.6,26,30.7,27.9,27.4,27.7,2.1,1,210,57,6.7,11.9,8.9,8.1,.68,1.4
2021,151,6,38.3,20.2,29.8,42.9,6.3,20.1,3.64,30.21,0,36.3,27,31.5,28.2,27.7,27.9,1.9,.7,211,63,7.4,14,8.7,8,.76,3
2021,152,6,39.5,19.8,31,35.4,8.1,18.8,3.93,30.09,0,37.1,27.8,32.4,28.6,28.1,28.3,2.2,1.3,200,53,7,13.9,9,8.6,.78,3.4
2021,153,6,39.8,22,32.2,32.7,7.9,15.7,4.29,26.57,0,36.5,28.8,32.5,29,28.6,28.8,3,2,215,47,6.7,14.8,9.1,9.4,.71,2.1
2021,154,6,40.7,21.5,32.3,34.8,6.8,16.3,4.37,30.16,0,33.6,27.3,30.9,29.3,28.9,29.1,2.9,1.6,206,53,9,14.6,10,9.8,.71,2.1
2021,155,6,40.7,20.1,31.8,41.7,4.4,14.3,4.33,26.53,0,29,23.2,26,29.4,28,28.7,2.7,1.8,202,46,8.2,14.1,8.9,9.1,.61,0
2021,156,6,41.2,22.5,32.1,34.7,5.8,13.8,4.44,30,0,31.8,21.2,26.3,28,26.7,27.3,3.4,2.4,195,43,9.9,15.1,10.8,10.7,.61,-.1
2021,157,6,39.8,19.6,30.2,36.8,5.2,15.6,3.95,30.54,0,34.1,24.1,29,27.3,26.8,27,2.7,2.2,182,31,8.6,13.8,10,9.4,.61,-.1
2021,158,6,39,16,29.2,32.1,4.4,14,3.81,28.9,0,34,24.5,29.2,27.6,27.1,27.3,3.1,2.5,170,35,9.4,12.3,9.8,9.7,.51,-2.5
2021,159,6,37.2,17.6,28.6,41.5,7.5,16.8,3.49,29.61,0,34.6,25.4,29.9,27.7,27.3,27.5,2.1,1.1,173,52,6.8,12.7,8.7,8,.61,-.1
2021,160,6,39.1,19.6,30.1,41.3,5.8,16.2,3.91,29.58,0,35.7,26,30.8,28.1,27.6,27.8,2,1.1,199,53,6.1,13.7,8.8,8.1,.61,0
2021,161,6,37.7,19.6,29.7,36.5,7.4,16.4,3.72,28.85,0,32.5,25.7,29.5,28.4,28.1,28.2,2.4,1.5,221,48,6.8,13.7,8.9,8.5,.64,.7
2021,162,6,40.1,17.9,29.8,31.2,2.3,11.3,4.09,31.76,0,29,21.6,25.3,28.5,27.2,27.8,1.9,1,222,55,6.3,13.2,9.5,8.2,.41,-5.4
2021,163,6,43.1,18.6,31.3,33.1,2.7,11.6,4.59,31.73,0,33.3,20.6,26.6,27.3,26.3,26.7,1.4,.4,190,66,4,13.8,9.2,7.8,.44,-4.6
2021,164,6,44.9,19.5,33.7,34.4,3.1,11.8,5.16,30.58,0,35.7,24.2,29.9,27.3,26.7,26.9,2.1,1,245,57,6.7,14.2,9.9,9.3,.53,-1.9
2021,165,6,45.4,22.2,35.1,34.7,3.7,15.2,5.29,27.27,0,36.3,26.9,31.7,28.1,27.3,27.7,2.3,1.3,235,53,6,15.3,9.1,9.2,.76,2.9
2021,166,6,45.5,26.5,37,35.6,6,17.7,5.47,27.29,0,37.7,29.3,33.5,29,28.1,28.5,1.9,1.1,217,52,7.9,16.5,8.8,8.6,1.02,7.3
2021,167,6,44.8,28.1,36.9,35,9.5,17.6,5.42,27.5,0,38.9,30.1,34.3,29.7,29,29.3,2.5,.9,196,63,6.7,16.9,9.3,9.6,1.05,7.6
2021,168,6,47,28.4,38.3,31.3,6.5,17,5.99,28.55,0,39.4,31.4,35.2,30.4,29.7,30,2.7,1.7,167,47,7.3,17.1,10.1,10.4,1.04,7.5
2021,169,6,46.7,30.1,38.6,29.1,6.6,16.6,6.03,28.63,0,40.2,31.6,35.7,31,30.4,30.6,2.7,1.6,181,51,6.6,17.2,10,10.4,1.05,7.7
2021,170,6,45.2,28.2,37.8,44.6,10.2,18.7,5.62,29.24,0,40.2,32.3,36.2,31.5,31,31.2,2.9,1.9,215,48,7.3,16.9,10.3,10.5,1.16,9.2
2021,171,6,44,28.2,37.7,36.9,10,20,5.45,29.4,0,39.3,32.7,36,31.8,31.5,31.6,4,3.2,233,35,9.8,17,11.4,11.9,1.23,10.1
2021,172,6,41.8,27.3,35.7,50.5,10,24.3,4.62,29.8,0,39.9,32.6,36.1,32.1,31.7,31.9,3.2,2.5,239,37,9.2,16.7,10.2,10.3,1.34,11.3
2021,173,6,39.7,26.8,34.5,48.5,16.3,27.7,4.09,18.82,0,37.1,32.3,34.8,32.2,31.9,32,3.4,2.8,219,35,17.9,16.5,7.4,8.7,1.46,12.6
2021,174,6,33.1,24.7,29.1,71.1,29.9,48.9,2.11,15.24,0,33.8,31,32.3,32,31.3,31.7,2.5,.7,319,65,10.6,15.3,4.6,5.5,1.95,17.1
2021,175,6,39.1,21.7,31.4,81.2,21.2,43.7,2.95,26.69,0,37.4,29.1,33.2,31.3,30.7,31,1.8,.8,243,58,9.1,14.7,7.5,7.3,1.83,16.1
2021,176,6,41.3,25.5,34.1,56.2,9.9,26.6,4.16,29.15,0,39.1,30.7,34.8,31.4,30.9,31.1,1.9,1.1,246,52,6.6,16.1,8.8,8.3,1.32,11.1
2021,177,6,42.1,24.3,34.1,41.4,7.6,19,4.62,29.29,0,39.4,30.8,35,31.7,31.3,31.5,1.9,1,195,55,6.1,15.8,9.1,8.4,.93,5.9
2021,178,6,44.6,23.8,36,47.3,8.2,18.4,5.21,29.07,0,40,31.2,35.5,32,31.6,31.8,2,.8,309,60,7.3,15.7,9.4,8.8,1,6.9
2021,179,6,42.2,28.1,35.4,38.4,11.6,22.7,4.62,29.1,0,39.7,32.7,35.9,32.3,32,32.1,5,4.2,70,31,13.4,17,11.1,12.6,1.25,10.3
2021,180,6,39.8,27.7,34,43.9,17.3,29.2,3.92,26.49,0,39.2,32.5,35.8,32.5,32.2,32.4,3.3,2.4,66,40,9.4,16.8,8.8,9.5,1.5,13
2021,181,6,40.7,24.7,32.9,60.2,18.9,35.7,3.43,27.38,0,39.6,32.2,35.8,32.7,32.3,32.5,2.7,.4,335,73,11.9,15.9,8.7,8.8,1.71,15
2021,182,6,41,25.6,33.7,65,16.4,36.9,3.63,27.72,0,36.9,32.4,34.5,32.8,32.5,32.6,1.6,.1,202,73,7,16.2,7.8,7.5,1.79,15.7
2021,183,6,40.6,28.9,34.1,57.9,18.8,38,3.46,19.71,0,33.3,29.1,31.1,32.8,31.8,32.4,2.4,.5,117,68,10.8,17.1,6.3,7.4,1.96,17.2
2021,184,6,41,25.5,32.3,91.6,22.4,47.7,2.75,22.54,0,33.7,27.5,30,31.9,30.9,31.3,2.6,.6,241,68,12.5,16.2,7,7.8,2.2,19
2021,185,6,38,24.6,31.9,92.8,30.5,54.8,2.45,25.71,.25,36.3,27.8,31.8,31,30.4,30.7,1.8,.5,181,66,7.5,15.7,6.8,6.8,2.41,20.5
2021,186,6,41.2,28.7,34.7,56.9,17.5,35.7,3.79,25.54,0,38.1,30,33.7,31.2,30.7,30.9,2.6,1.7,200,47,6,17.1,8.1,8.6,1.86,16.3
2021,187,6,42.7,28.4,36.2,49.6,8.7,21.9,4.93,28.03,0,38.6,31.1,34.7,31.7,31.2,31.4,3,2.6,223,32,7.5,17,9.9,10.1,1.21,9.7
2021,188,6,43.5,28,36,46.3,13.4,26.7,4.67,28.27,0,39.9,31.2,35.3,32.1,31.7,31.8,2.3,1.2,204,55,7.9,16.9,9,9.1,1.48,12.8
2021,189,6,43.4,30,37.1,53.2,16.8,33.1,4.48,27.97,1.52,40.8,32.9,36.7,32.7,32.1,32.3,2.1,1.2,212,51,9.3,17.2,8.6,8.7,1.98,17.3
2021,190,6,43.7,26.6,37.2,80.5,20,34.8,4.45,28.3,16.26,40.8,33.9,37.2,33.2,32.7,32.9,3.6,2.7,223,39,19,16.6,9.9,10.4,2.08,18.1
2021,191,6,43.1,23.3,33.3,97.6,20.6,54.7,2.84,26.24,7.62,34.8,29.6,32.5,33.4,32.6,33,3.7,1.9,188,55,25.6,15.5,8.2,9.4,2.54,21.3
2021,192,6,41.9,24.3,32.9,95.7,21.4,53.4,2.82,27.23,0,33.8,28,30.8,32.6,31.5,31.9,2.2,1.2,219,51,7.7,15.7,7.8,8,2.41,20.5
2021,193,6,40.6,28.9,34.7,59.5,23,39.3,3.53,26.69,0,37.5,28,32.5,31.6,30.9,31.2,2.5,1.7,163,44,11.2,17.1,7.9,8.4,2.09,18.2
2021,194,6,41.7,26.8,34.6,67.5,22.1,39.6,3.6,25.04,0,38.7,30.5,34.5,31.8,31.3,31.5,2.4,.9,182,61,11.2,16.6,7.5,8.2,2.07,18
2021,195,6,35.2,24.7,30.2,89,33,56.1,2.02,17.55,2.79,35,30.2,32.7,32.1,31.7,31.9,3,1.2,131,62,11.5,15.5,5.2,6,2.33,19.9
2021,196,6,37.7,25.1,31.1,91.6,30,56.5,2.12,23.5,23.88,32,28,30.3,31.7,30.9,31.3,3.3,1.7,150,55,15.7,15.8,6.8,7.4,2.49,21
2021,197,6,37.3,26.9,30.4,85.7,29.5,57.6,1.98,16.51,1.52,30.4,27.3,28.3,31,30,30.5,3.5,3,136,30,13.6,16.5,5.3,6.7,2.42,20.5
2021,198,6,39,25.1,31.9,83.9,28.4,52,2.53,24.23,0,33.5,26.5,29.5,30.1,29.4,29.7,1.3,.4,213,63,4.9,15.9,6.4,6.3,2.33,19.9
2021,199,6,37.1,27.6,31.4,74.6,33.2,53.4,2.23,16.45,0,33.1,27.8,30,29.9,29.6,29.7,2.5,2.2,145,27,12,16.7,4.6,6,2.41,20.5
2021,200,6,38.6,27.6,33.1,75.8,28.5,46.9,2.84,20.25,0,35.3,28.8,31.7,30.1,29.7,29.8,1.9,1.2,230,44,6.1,16.7,5.8,6.3,2.3,19.7
2021,201,6,39.7,28.3,34.2,65.8,25.7,43.9,3.22,23.74,0,36.9,29.8,32.4,30.8,30.1,30.3,2.1,1.3,193,47,6.6,16.9,7,7.2,2.29,19.6
2021,202,6,40.8,26.5,34.7,85.6,26.4,43.6,3.31,21.88,2.29,32.6,28.3,30.2,30.9,30.4,30.7,2.8,1.3,150,59,16.4,16.5,7,7.8,2.32,19.8
2021,203,6,41.4,25.2,32,94.5,23.2,56.3,2.45,25.36,.51,33.6,27.6,30.3,30.5,30,30.2,2.6,.7,132,66,15.1,16.1,7.2,8,2.48,21
2021,204,6,28.2,22.6,24.2,100,60.4,90.6,.3,3.57,33.53,29.1,26,27.1,30.3,29.3,29.9,2.2,.9,81,56,12.8,12.6,.4,1.5,2.73,22.5
2021,205,6,27.5,22.2,24.2,100,71.7,91.8,.27,11.61,32,28.5,25.2,26.2,29.3,28.2,28.7,3.1,2.4,123,37,7.4,12.1,2.1,2.7,2.75,22.7
2021,206,6,28.8,22.2,25.1,100,62.5,86.4,.47,14.62,19.05,30.1,25.2,27.1,28.2,27.8,28,2,1.4,116,41,6.1,12.7,2.7,3.3,2.74,22.5
2021,207,6,36.8,22.7,29,100,31.7,69.4,1.49,26.21,0,32.3,25.6,28.7,28.2,27.8,28,1,.7,17,37,4,14.9,6.1,5.9,2.62,21.8
2021,208,6,39.6,24.4,31.5,98.3,21.1,57.5,2.3,27.39,0,34.1,27,30.2,28.8,28.2,28.4,1.7,1.2,143,37,13.1,15.8,7.3,7.1,2.45,20.8
2021,209,6,39.5,24.6,32.3,89.5,22.4,51.9,2.68,27.51,0,35.7,27.2,31.1,29.2,28.8,28.9,1.2,.6,128,51,5.4,15.8,7.2,6.7,2.32,19.9
2021,210,6,40.1,27.4,33.4,73.1,21.2,43.7,3.1,21.34,0,35.3,29,31.9,29.7,29.2,29.5,2,1.3,92,45,7.1,16.7,6.2,6.8,2.14,18.6
2021,211,6,39,25,32.4,87,25.6,46.7,2.81,26.63,0,37,29.6,33,30.3,29.7,29.9,2.6,1.2,149,58,11.8,15.9,7.8,7.9,2.15,18.7
2021,212,6,37.7,24.3,30.6,92.3,28.7,58.7,2.11,25.46,.25,36.8,29.4,32.9,30.6,30.2,30.4,1.5,.9,204,49,7.4,15.6,6.5,6.4,2.42,20.6
2021,213,6,39.9,27,33.3,78.1,22.2,48.2,2.94,23.25,0,37.1,30.4,33.6,30.9,30.6,30.7,1.6,1,178,49,5.9,16.6,6.4,6.6,2.31,19.8
2021,214,6,42.6,27,35,72.5,16.5,41.7,3.64,27.21,0,39.2,30.8,34.7,31.4,30.9,31.1,1.6,.8,182,53,5.3,16.6,7.7,7.5,2.16,18.7
2021,215,6,43.7,28.9,35.7,58.9,13.8,34.8,4.1,27.42,0,40,31.8,35.6,31.9,31.4,31.6,2.1,1.1,145,55,6.2,17.1,8.3,8.4,1.9,16.7
2021,216,6,45.2,27,35.9,61.8,9.4,30.5,4.54,27.61,0,40.5,31.9,35.9,32.4,31.9,32.1,1.6,1,172,49,4.6,16.6,8.2,7.9,1.63,14.3
2021,217,6,42.7,28.4,35.6,61.2,20.3,38.3,3.81,26.59,0,40.8,32.6,36.4,32.7,32.3,32.5,2,1.2,135,49,7.1,17,7.9,8,2.13,18.5
2021,218,6,42.1,28.3,34.9,63.4,23.6,41.6,3.48,26.49,0,40.9,33.2,36.8,33.1,32.7,32.9,2.3,1.4,201,50,11.5,17,8,8.2,2.23,19.2
2021,219,6,41,25.8,34,73,19.7,41.8,3.39,26.66,0,40.6,32.8,36.5,33.3,32.9,33.1,1.8,.7,209,61,7.3,16.3,7.7,7.4,2.09,18.2
2021,220,6,41,28.6,34.7,60.8,20.6,39.2,3.55,26.94,0,40.9,33.2,36.8,33.5,33.1,33.3,2.6,1,203,63,10.6,17,8.3,8.6,2.07,18.1
2021,221,6,32.1,23.7,28.5,91.7,45.2,64.6,1.44,11.31,3.05,36.5,31.3,33.3,33.6,32.9,33.4,3.1,2.8,147,24,11.5,14.7,3.5,4.2,2.48,20.9
2021,222,6,33.8,23.5,28.1,99,41.8,70.7,1.25,20.5,2.54,35.4,29.1,31.8,33,31.9,32.3,2.3,1,126,57,8.8,14.8,4.9,5.3,2.62,21.8
2021,223,6,35.9,25,28.5,89.8,40,68.3,1.34,20.91,0,36.8,29.5,32.8,32,31.5,31.8,2.2,.8,162,61,9.7,15.7,5.3,5.8,2.6,21.7
2021,224,6,34.8,24.3,29.5,89.4,39,63.4,1.64,21.52,0,36.9,30,32.5,31.9,31.5,31.7,2,1,148,58,6.7,15.3,5.5,5.6,2.54,21.3
2021,225,6,37.3,23.1,31.2,89.5,34.1,55.7,2.19,23.02,0,33.2,28,30.3,31.9,31.2,31.5,2.5,1.4,165,53,14.5,15.1,6.3,6.6,2.43,20.6
2021,226,6,33.9,21.3,27.8,99.5,42.5,73.8,1.16,23.43,17.02,32.8,26.8,29.5,31.2,30.4,30.8,2,.9,60,60,11.9,13.9,5.3,5.4,2.66,22.1
2021,227,6,36.8,26.1,30.8,88.4,37.1,62.6,1.82,23.7,0,32.9,28,30.1,30.5,30.2,30.4,1.7,.7,97,57,6.1,16.2,6.1,6.1,2.69,22.3
2021,228,6,38,20.2,31.9,100,35.5,58.3,2.17,24.82,37.08,34.6,27.7,30.9,30.4,30.1,30.3,2.1,.7,111,62,19.6,13.9,6.5,6.3,2.66,22.1
2021,229,6,33.2,21,27.1,100,45.5,73.7,1.09,21.9,2.03,32.4,26.6,29.1,30.6,29.9,30.3,2.4,1.6,133,46,10,13.6,5.1,5.2,2.58,21.6
2021,230,6,34.9,23.6,28.4,93.6,33.6,69.5,1.34,21.76,0,30.3,27,28.4,30.1,29.7,29.9,3.6,2.2,150,48,9.6,15,6.3,6.3,2.61,21.7
2021,231,6,35.7,22.6,29,96.6,29.1,59.9,1.85,23.44,0,31.3,25.7,28.2,29.7,29.1,29.4,2.1,1.5,176,40,8.8,14.7,6.4,6.1,2.25,19.4
2021,232,6,36.7,23.5,30.1,82.6,24.8,52.3,2.26,25.97,0,33.6,26.1,29.5,29.3,29,29.2,1.5,1.1,120,37,6.5,15.2,6.9,6.3,2.11,18.4
2021,233,6,37.7,22.5,30.6,85.5,22.6,48.8,2.52,25.85,0,34.5,27,30.5,29.6,29.2,29.4,1.9,1.3,131,43,6.3,14.9,7.1,6.7,2,17.5
2021,234,6,39.3,22.9,31.1,74.4,16.3,40.4,2.98,26.08,0,35.3,27.8,31.3,29.9,29.6,29.7,1.3,.9,121,41,5.8,15.1,7.1,6.4,1.69,14.9
2021,235,6,40.6,21.4,31,65.4,9.3,32.4,3.44,26.17,0,34.6,27.5,30.8,30.1,29.7,29.9,2.3,1.7,154,40,7.6,14.7,8.2,7.9,1.3,10.8
2021,236,6,39.8,20.2,31.1,72.5,14.3,38.8,3.16,25.26,0,35.6,27.6,31.4,30.2,29.8,30,.7,.1,42,55,5,14.1,6.6,5.4,1.6,14
2021,237,6,42.1,22.6,32.8,75.2,17.3,40.8,3.4,24.95,0,36.5,28.7,32.4,30.4,30,30.2,1.1,.1,170,67,4.2,15.2,6.8,6.1,1.85,16.2
2021,238,6,42.7,23.3,33.8,77.1,12.9,38.8,3.69,25.12,0,36.7,29.6,32.6,30.9,30.4,30.6,1.3,.1,181,69,6,15.5,7.1,6.5,1.84,16.2
2021,239,6,44,23.8,34.3,67.6,12.9,36.2,3.94,24.19,0,33.6,27.8,30.6,31.1,30.5,30.8,1.3,.6,116,54,7.1,15.7,7,6.6,1.77,15.6
2021,240,6,40.4,26.1,33.7,60.8,23.7,36.6,3.51,23.85,0,32.5,27.1,29.5,30.7,30.1,30.4,2.2,.7,128,62,11.8,16.3,7.4,7.3,1.86,16.3
2021,241,6,42.1,25.7,34.1,64.7,16.3,36.3,3.72,22.2,0,33.5,27.1,29.9,30.2,29.7,30,1.4,.5,74,58,8.7,16.2,6.6,6.3,1.81,15.9
2021,242,6,40,23.4,33.3,87.7,22.5,40.2,3.24,18.34,8.64,34.4,28.3,30.9,30.1,29.8,29.9,2.4,1.1,148,55,9.3,15.4,5.9,6.5,1.99,17.4
2021,243,6,34.5,23.1,26.8,96,38.3,75.7,.97,11.73,2.03,30.6,27.2,28.7,30.2,29.8,30,2.1,.8,234,60,6.7,14.7,2.8,3.9,2.61,21.8
2021,244,6,33.7,22,27.4,99.5,42.5,72,1.21,23.09,2.29,31.9,25.9,28.6,29.8,29.2,29.4,1.4,.2,148,67,7.6,14.2,5.3,5.1,2.52,21.2
2021,245,6,35.5,23.2,28.4,94.9,37.9,68.7,1.4,22.73,0,32.5,26.6,29,29.4,29.1,29.3,1.5,.9,12,49,5.1,14.9,5.5,5.4,2.54,21.4
2021,246,6,37.8,22.3,30.1,95.2,24.2,57.1,2.18,23.59,0,33.5,26.4,29.6,29.4,29,29.2,1.1,.1,250,65,5.8,14.8,6,5.4,2.24,19.3
2021,247,6,40.5,24.2,31.9,73.6,18.8,44,3,23.93,0,34.7,27,30.6,29.5,29.1,29.3,1.2,.5,174,52,4.7,15.7,6.5,5.9,1.91,16.7
2021,248,6,41.5,24.7,32.4,69.8,16,39.4,3.3,23.44,0,35.2,28.1,31.4,29.8,29.5,29.6,2.3,1.3,157,50,10.9,16,7.1,7.4,1.76,15.5
2021,249,6,39.5,23.2,31.8,78.3,22.2,44.7,2.88,23.79,0,35.9,28.7,32,30.2,29.8,30,1.4,.9,140,44,6.1,15.3,6.5,6,1.98,17.3
2021,250,6,40.6,26.3,33.4,68.1,22.7,42.4,3.18,23.24,0,36.3,29.6,32.6,30.5,30.2,30.3,1.8,1.1,234,48,6.8,16.4,6.8,6.6,2.09,18.2
2021,251,6,40.4,26.3,32.9,67.2,25.1,44,3,23.09,0,37.7,29.4,33.2,30.9,30.4,30.6,2.3,.3,115,73,9.1,16.4,6.9,7.1,2.13,18.5
2021,252,6,43,24.1,33.5,74.2,10.6,37.8,3.7,23.23,0,36.7,29.5,32.3,31.4,30.9,31.1,2.1,1.5,142,38,9.1,15.8,7.6,7.3,1.72,15.1
2021,253,6,42.1,23.8,33.7,57.9,13.3,30.9,3.93,23.12,0,32.3,25.7,29.1,31.5,30.3,30.8,1.8,.8,187,52,7,15.6,7,6.7,1.53,13.3
2021,254,6,41.7,25.6,33.2,65.4,12.6,37.7,3.46,22.2,0,32.9,26.2,29.2,30.4,29.7,30,1.4,.5,194,59,5.1,16.2,6.4,6,1.8,15.8
2021,255,6,42.2,23.7,32.1,59.7,10.9,33.4,3.61,23.54,0,35.2,25.5,30,30,29.4,29.7,1.2,.8,124,45,4.7,15.6,6.7,5.9,1.45,12.5
2021,256,6,42.6,23.4,32.6,60.6,12.4,30.7,3.77,23,0,36.3,26.7,31.2,30,29.5,29.8,1.6,.4,141,63,6.9,15.4,6.8,6.4,1.39,11.9
2021,257,6,41.3,24.6,32.9,52.5,12.7,29.5,3.8,22.35,0,36.6,27.9,31.9,30.2,29.8,30,1.9,.8,202,60,5.3,15.9,6.9,6.7,1.37,11.6
2021,258,6,40.7,22.1,32.6,60.6,10,25.6,3.94,22.52,0,36.4,28.2,32,30.4,30,30.2,1.9,1.2,244,47,7.3,14.9,7.2,6.6,1.16,9.1
2021,259,6,40.5,20.3,31,59.5,13.8,30.5,3.51,21.84,0,34.4,27.7,30.7,32.8,30.4,31.2,1.3,.1,118,67,5.4,14.2,6.5,5.6,1.24,10.2
2021,260,6,37.5,23.3,30.5,67.7,20.9,37.9,2.9,15.43,0,30.2,25.6,27.9,31.1,29.7,30.3,1.5,.6,136,54,6.9,15.1,4.5,4.8,1.59,13.9
2021,261,6,36.6,23.6,28.6,88.9,32.1,58.6,1.75,17.85,0,30.5,25.4,27.6,29.8,29.1,29.4,2.1,.6,199,65,13.9,15.2,4.9,5.3,2.24,19.3
2021,262,6,37.1,22.3,29,94.6,20.3,56.6,2.05,19.82,0,32.8,25.5,28.7,29.2,28.7,28.9,1.4,.4,275,61,6.1,14.7,5.2,4.9,2.1,18.3
2021,263,6,37,20,28.2,62.7,15.6,37.1,2.72,22.69,0,33.6,24.3,28.7,29.1,28.5,28.8,1.8,.8,144,56,5.2,13.7,6.4,5.9,1.28,10.6
2021,264,6,38.5,16.9,28,70.2,12.1,36.4,2.84,22.62,0,33.7,24.7,29,29,28.5,28.7,1.3,.5,243,57,4.9,12.6,6.3,5.4,1.2,9.6
2021,265,6,39.6,17.7,28.7,64.2,13.9,34.5,3.04,22,0,34.2,25.1,29.4,29,28.5,28.7,1.2,.3,202,62,4.9,13,6,5.2,1.21,9.7
2021,266,6,36.5,21.4,29,65.9,19.5,38.7,2.62,20.8,0,32.3,26.1,28.8,31,28.8,29.6,2.5,2,154,34,10.6,14.3,6.5,6.3,1.49,13
2021,267,6,31.6,21.2,25.3,78.4,28.5,49.1,1.72,9.99,0,26.3,23.1,24.4,29.5,27.9,28.7,2.4,1.3,175,53,10.6,13.4,3.2,4.4,1.55,13.5
2021,268,6,34.6,20.5,27.5,75.7,22.3,47.5,2.18,21.2,0,28.1,22.4,25,27.9,27.1,27.4,2.2,.5,183,67,10.3,13.6,5.9,5.7,1.62,14.2
2021,269,6,25.3,20.2,22.2,94.6,54.1,78.8,.58,5.99,.51,24.8,23.1,23.8,27.3,26.7,27.1,2.9,1.6,48,51,9.7,10,1.3,2.3,2.1,18.3
2021,270,6,30.5,18.9,24.7,97.1,36.3,64.5,1.26,14.91,0,27.8,22.4,24.9,26.8,26.2,26.4,1,.1,11,64,5.2,11.9,3.3,3.3,1.9,16.7
2021,271,6,33.4,19.6,26.3,79.8,29.1,51.4,1.85,19.83,0,30.9,22.7,26.4,26.6,26.2,26.4,1.8,1.4,176,34,6,13,5.3,4.9,1.67,14.6
2021,272,6,30.7,18.8,24.9,80.6,29.8,51,1.68,15.51,0,28.6,23.3,25.9,26.8,26.5,26.6,2,.7,222,63,6.5,11.9,4.2,4.3,1.54,13.4
2021,273,6,32.1,17.2,24.5,74.8,23.8,44.2,1.89,20.34,0,30.8,22.9,26.4,26.7,26.3,26.5,2,.8,101,60,8.5,11.5,5.4,5.1,1.28,10.6
2021,274,6,32.9,15.1,23.6,65.6,14.4,37.3,2.07,20.82,0,30.5,22.5,26.2,26.8,26.4,26.6,1.4,.9,39,37,6,10.7,5.5,4.5,1,6.9
2021,275,6,33.8,13.7,23.7,73.8,14.4,37.6,2.15,19.71,0,30.5,22,26,26.8,26.3,26.5,.8,.2,145,52,5.3,10.3,4.8,3.7,.98,6.7
2021,276,6,36.4,15.6,25.8,69.1,14.6,35.4,2.49,20.05,0,31.1,22.6,26.6,26.7,26.2,26.5,1.1,.1,52,62,5.5,11.6,5.4,4.4,1.07,8
2021,277,6,36.7,17.6,26.8,76.3,16.7,39.4,2.41,15.52,.25,30.7,23.8,27.1,26.7,26.4,26.6,1.8,1.1,248,44,8.4,12.6,4.6,4.9,1.29,10.8
2021,278,6,28.8,18.9,23.5,90.2,48.3,68.7,.96,12.33,2.54,27.3,23.9,25.6,26.9,26.5,26.7,2.4,1.7,357,42,7.6,11.1,2.9,3.4,1.97,17.2
2021,279,6,32.5,15.1,23.4,96.2,21.8,57.9,1.51,20.28,0,30,21.4,25.4,26.6,25.9,26.2,1,.4,134,54,4.8,10.6,4.6,3.9,1.52,13.2
2021,280,6,34.5,15.9,25,90,17.6,47.7,1.95,17.07,0,29.3,22.8,26,26.3,26,26.2,1.8,.6,141,61,7,11.4,4.8,4.6,1.37,11.7
2021,281,6,34.3,16.7,25.6,74.1,23.6,45.1,2.04,18.69,0,30.4,22.9,26.4,26.3,26,26.2,2.1,1.2,232,51,8.2,11.8,5.2,5.1,1.39,11.8
2021,282,6,30.8,18.6,24.5,59.6,12.6,32.3,2.2,19.44,0,29.8,24,26.6,26.5,26.2,26.3,2.6,2.2,270,30,7.4,11.8,5.9,5.5,.95,6.2
2021,283,6,29.1,13.6,21.2,58.3,14.5,30.5,1.9,20.08,0,29.1,21.6,25.1,26.5,25.9,26.2,1.3,.3,226,63,4.6,8.5,5,4,.72,2.3
2021,284,6,30.8,8.7,20.9,71.7,10.5,34.6,1.92,19.76,0,27.2,20.3,23.8,26.2,25.5,25.8,4.1,3.3,206,34,15.3,7.7,6.8,6.8,.76,3
2021,285,6,21.4,8.6,16.2,50.6,13.2,26.3,1.41,18.47,0,25.7,20.7,23,25.6,25.2,25.4,2.7,2.2,260,33,9.9,3.2,5,4.3,.46,-3.8
2021,286,6,23.9,4.6,14.6,76,16,36.4,1.24,19.13,0,25.5,17.6,21.3,25.2,24.3,24.7,1.2,.3,214,62,5,3.9,4.1,3.1,.54,-1.6
2021,287,6,26.6,6.7,17.1,59,13.6,32.2,1.51,19.27,0,25.5,17.9,21.2,24.4,23.5,24,1.5,.7,177,55,4.4,5.3,4.5,3.8,.57,-.9
2021,288,6,29,7.3,18.3,70.6,8.9,29.7,1.78,19.31,0,20.6,15.6,18.3,23.6,22.8,23.2,2.2,1.6,13,38,7.9,6.6,5.5,4.8,.52,-2.2
2021,289,6,32.3,10.1,21.7,55.8,11.8,26.9,2.15,19,0,20.8,14.1,17.5,22.8,21.8,22.2,2.1,1.5,45,37,7.9,8.5,5.7,5,.67,1.2
2021,290,6,33.1,12.3,22.1,58.8,12,31.1,2.14,17.4,0,23.5,15.6,19.3,21.9,21.5,21.7,1.4,.6,221,54,5.7,9.5,4.7,4,.74,2.6
2021,291,6,29.4,12.9,21.5,55.7,25.3,40.2,1.64,17.31,0,23.7,16.6,20,22,21.6,21.8,3.4,2.6,203,40,8.7,8.4,5.4,5.3,1.03,7.4
2021,292,6,27,11,19.4,72.1,31.2,48.2,1.29,17.32,0,25.1,17,20.8,22,21.7,21.9,1.3,.2,248,69,5,6.5,3.9,3.2,1.05,7.7
2021,293,6,30.1,10.3,19.6,78.3,15.8,46.5,1.49,17.55,0,25.2,17.3,21,22.2,21.8,22,1,.3,279,61,4.8,7.9,4,3.2,.96,6.3
2021,294,6,32.3,10.9,20.4,74,15,41.1,1.72,17.91,0,25.5,17.4,21.2,22.3,21.9,22.1,1.3,.2,316,66,4.9,8.7,4.4,3.7,.89,5.2
2021,295,6,31.9,11.1,21.4,71.6,12.6,36.9,1.89,18.15,0,26,18,21.8,22.4,22,22.2,1.3,.3,257,65,4.5,8.7,4.6,3.7,.84,4.5
2021,296,6,31,14.2,21.8,51.5,16.6,33.5,1.92,15.55,0,25.1,18.4,21.5,22.5,22.2,22.4,2.2,1.5,167,45,6,9.7,4.5,4.6,.83,4.3
2021,297,6,31.4,12.5,21.9,61.6,16.6,37.7,1.85,16.62,0,25.8,18.6,22,22.5,22.2,22.4,1.7,.4,119,66,5.1,9.1,4.4,4,.92,5.7
2021,298,6,32.9,12,22.9,76.3,18.5,42,1.89,16.96,0,25.9,19,22.3,22.7,22.3,22.5,2.3,1.8,198,38,7.8,9.2,5,4.8,1.1,8.3
2021,299,6,24.3,13.7,19.3,62,18.4,36,1.47,17.48,0,24.3,20,21.9,22.8,22.6,22.7,3.5,3.1,261,26,8.7,6.2,5.2,4.8,.79,3.6
2021,300,6,26.3,7,16.9,65.6,13.4,33.1,1.46,17.29,0,24.2,17,20.3,22.8,22.1,22.5,1.1,.2,355,64,4.7,5.2,4,2.9,.58,-.7
2021,301,6,31,6.9,18.4,76.1,13.1,36,1.67,17.09,0,24.3,16.6,20.2,22.4,21.8,22.1,1,.2,258,62,5.6,7.4,4.1,3.1,.67,1.2
2021,302,6,34.4,9.3,20.6,66,9,33.7,2.03,16.98,0,25,17.1,20.8,22.1,21.7,21.9,1.1,.2,100,63,4.9,8.8,4.3,3.5,.69,1.7
2021,303,6,32,9.5,20.4,58.6,13.4,31.6,1.9,16.64,0,25.1,17.6,21.1,22.1,21.7,21.9,1.2,.2,178,63,4.3,8.4,4.2,3.4,.69,1.7
2021,304,6,31.1,10.9,21.1,54.7,15.5,33.4,1.88,16.32,0,25,18.2,21.3,22.1,21.8,22,1.8,.7,161,58,6,8.4,4.5,4,.78,3.5
2021,305,6,29,11.9,20,62.9,18.7,39,1.6,14.1,0,24.6,18.5,21.3,22.2,21.9,22.1,1.4,.4,173,62,4.6,7.8,3.5,3.2,.86,4.7
2021,306,6,29.3,9.7,19.1,69.1,17.4,40.2,1.54,15.42,0,24.6,17.7,20.9,22.2,21.8,22,1,.2,124,61,3.6,7.2,3.5,2.7,.82,4.1
2021,307,6,30.1,9.2,18.4,68.6,15.8,39.7,1.53,15.89,0,24.4,17.2,20.5,22.1,21.6,21.9,1.1,.2,261,64,3.5,7.5,3.6,2.9,.76,3.1
2021,308,6,31.4,8.4,19.1,70.2,14.2,37.5,1.69,15.83,0,24.3,17,20.4,21.9,21.5,21.7,1,.1,6,65,4,7.8,3.8,3,.73,2.5
2021,309,6,32,8.5,19.5,74.3,14.1,38.2,1.71,15.44,0,24.3,16.9,20.4,21.8,21.4,21.6,.8,.2,188,54,3.5,8,3.5,2.6,.77,3.2
2021,310,6,31.9,9.7,20.5,65.5,13.4,34.8,1.86,15.56,0,24.5,17.4,20.7,21.7,21.4,21.6,1.4,.3,96,66,3.5,8.3,4,3.4,.75,2.8
2021,311,6,30.8,8.6,19,69.3,14.7,35.9,1.65,12.73,0,23.4,17.2,20.2,21.8,21.4,21.6,.9,.1,27,64,3.3,7.6,3,2.6,.72,2.3
2021,312,6,32.2,8.7,19.6,64.9,10.7,34.3,1.8,15.45,0,25.5,16.8,20.8,21.6,21.2,21.5,1.5,.4,196,64,5.8,8.2,4.1,3.6,.7,1.8
2021,313,6,28.8,8.4,17.8,73.6,15.9,38.7,1.45,13.27,0,21.2,15.8,18.4,21.8,21.2,21.5,1.1,.2,242,64,3.9,6.6,3.1,2.7,.74,2.6
2021,314,6,28.7,7.7,17.8,74,15.7,40.7,1.42,15,0,20.2,14.2,17.1,21.2,20.4,20.8,1.3,.6,233,53,5.2,6.5,3.6,3,.76,3
2021,315,6,29.5,7.6,17.6,73.6,11.9,37.9,1.54,15.16,0,19,13.6,16.2,20.5,19.8,20.1,1.6,.7,0,55,7,6.8,4,3.4,.66,1
2021,316,6,31,7.2,18,64.9,10.2,34.8,1.67,14.98,0,19,12.7,15.8,19.9,19.2,19.5,1.2,.2,46,63,6.2,7.5,3.8,3.1,.62,.2
2021,317,6,30.5,6.5,17.4,64.3,10.7,35.2,1.61,14.37,0,20.2,12.8,16.2,19.4,18.9,19.2,1.1,.3,187,60,4,7.1,3.4,2.8,.6,-.2
2021,318,6,30.3,5.9,17,68.8,11.6,36.1,1.53,14.95,0,20.8,13,16.5,19.2,18.8,19,.9,.3,175,56,4.3,6.9,3.3,2.5,.62,.1
2021,319,6,30.1,5.4,17.1,77.4,12.5,35.5,1.54,14.87,0,20.9,13.2,16.7,19.1,18.7,18.9,.9,.4,162,46,3.5,6.7,3.2,2.4,.62,.1
2021,320,6,28.2,6,15.9,74.1,12.4,37.6,1.37,12.25,0,20,13.5,16.6,19,18.7,18.9,.9,.1,305,62,3.2,5.9,2.7,2.3,.61,0
2021,321,6,25.4,5.6,14.2,70.4,16.2,41.1,1.11,11.55,0,19.1,13.2,15.9,18.9,18.5,18.7,.6,.2,174,49,3,4.6,2.2,1.8,.62,.2
2021,322,6,27.9,3.4,15,83.2,12,39.1,1.32,14.15,0,19.4,12.3,15.6,18.7,18.1,18.4,1.4,.6,23,55,4.8,5.5,3.3,2.9,.58,-.7
2021,323,6,28.2,8,17.5,57.7,12,29.2,1.59,13.09,0,20.1,13.3,16.4,18.4,18.1,18.2,1.3,.6,38,51,4.7,6.3,3.3,2.8,.54,-1.8
2021,324,6,26.9,6,15.5,74.7,13.2,39.9,1.27,13.31,0,20,13.3,16.5,18.5,18.1,18.3,.6,.1,113,56,2.8,5.4,2.7,1.8,.64,.6
2021,325,6,27.9,9.2,17.2,73.4,12.6,32.9,1.49,10.4,0,19.4,14.7,16.6,18.4,18.2,18.3,1.8,1.2,11,41,8,6.5,3,3.3,.59,-.5
2021,326,6,25.6,8.9,17.4,56.3,19,32.8,1.43,10.3,0,18.8,13.9,16.4,18.5,18.1,18.3,2.2,1.7,46,35,8.5,5.3,3.2,3.4,.65,.7
2021,327,6,24,13.3,18.4,67.1,23.5,40.4,1.32,5.81,0,18.8,15.8,17.2,18.4,18.2,18.3,.9,.2,195,62,3.1,5.9,1.4,1.9,.83,4.3
2021,328,6,23.8,9.2,16.5,70.5,23,46.7,1.09,8.92,0,19.4,15.4,17.1,18.5,18.3,18.4,1.3,.6,245,52,5.8,4.4,2.1,2.2,.84,4.5
2021,329,6,23.1,9.2,16,55.6,14.2,33.7,1.26,13.12,0,18.9,13.7,16.1,18.5,18.1,18.3,3.3,2.4,39,42,8.4,4.1,4.2,4,.62,.2
2021,330,6,24,6.1,14.9,75.5,21.7,44.8,1.09,13.06,0,19.1,13.2,15.9,18.3,17.9,18.1,1.7,1.2,62,40,9.8,4.1,3.1,2.6,.72,2.3
2021,331,6,25.1,5.3,14,80.1,21,45.9,1.02,12.94,0,19.2,12.9,15.8,18.1,17.7,17.9,1.2,.4,165,60,3.6,4.4,2.6,2.2,.68,1.5
2021,332,6,26.5,3.5,13.9,79.2,15.4,42.4,1.14,13.04,0,19,12.4,15.5,18,17.5,17.8,.9,.2,347,60,3.7,4.9,2.7,2.1,.6,-.2
2021,333,6,27.7,4.4,14.9,67.3,12.9,37.6,1.32,13.2,0,18.9,12.4,15.4,17.8,17.4,17.6,1.5,.1,119,71,5,5.5,3.2,2.8,.56,-1.2
2021,334,6,27.8,5.4,14.3,76.6,14.8,42.4,1.16,13.01,0,19.2,12.7,15.5,17.7,17.3,17.5,1,.1,270,66,4.6,5.7,2.8,2.2,.63,.3
2021,335,6,28.8,5.1,15.3,81,13.1,43,1.27,12.84,0,19.4,12.5,15.7,17.6,17.2,17.4,.7,.1,200,57,3.4,6.1,2.6,1.9,.67,1.2
2021,336,6,28.1,8.4,16.4,74.7,15.8,42.3,1.29,11.8,0,19.8,13.8,16.7,18.1,17.4,17.7,.9,.3,152,53,3.5,6.4,2.5,2,.73,2.4
2021,337,6,26.5,7,16,72.6,17.8,43.2,1.21,12.49,0,18.8,12.9,15.7,17.8,17.4,17.6,1,.6,176,47,3.3,5.3,2.6,2.1,.73,2.5
2021,338,6,23.5,5.6,14.2,79,24.6,47.9,.96,11.46,0,17.4,11.8,14.5,17.6,17.1,17.4,1,.6,152,40,3.4,3.8,2.2,1.8,.75,2.9
2021,339,6,25,2.3,13.1,85.7,17.5,44.8,1.04,12.87,0,16.4,10.3,13.2,17.2,16.6,16.9,1.4,.6,191,55,4.1,4.1,2.7,2.4,.61,-.1
2021,340,6,24.6,3.4,13.4,76.7,20.3,45.6,.99,12.41,0,16.4,9.9,13,16.7,16.1,16.4,1.1,.3,151,57,4.2,4.1,2.4,2,.66,1.1
2021,341,6,24.5,6.1,14.3,77.5,18.2,42.2,1.1,10.6,0,16.1,10.6,13.2,16.3,15.9,16.1,1,.1,23,65,3.9,4.4,2.2,2,.64,.6
2021,342,6,24.5,8.3,15.1,74.7,21.1,41.8,1.12,11.51,0,16.3,11.5,13.3,16.1,15.8,15.9,1.5,.5,196,58,6.4,4.6,2.8,2.5,.68,1.4
2021,343,6,24.3,6,15.7,95.7,26.2,52.3,.95,9.74,2.79,15.6,10.7,13.3,16,15.7,15.8,3.1,1.7,211,53,8.6,4.2,2.7,3.2,.91,5.6
2021,344,6,18.1,9.2,13.5,98.2,39.7,70.1,.5,12.46,1.78,16,12.5,14.1,16,15.8,15.9,2.4,2.2,263,25,6.8,1.9,2.2,1.9,1.06,7.8
2021,345,6,19.3,4.9,10.6,87.3,22,55.9,.66,12.88,0,15.4,10.1,12.5,16,15.6,15.8,1.6,1.1,0,40,4.9,1.9,2.4,2,.67,1.2
2021,346,6,22,.9,10.1,94.4,27.3,63.8,.62,12.33,0,15.2,8.6,11.6,15.7,15,15.3,1,.5,162,47,4.5,2.8,2,1.6,.74,2.6
2021,347,6,22.6,2.3,12,94.4,32,65.2,.65,11.26,0,15.5,9,12.2,15.2,14.7,15,.9,.1,64,64,3.5,3,1.3,1.6,.87,4.9
2021,348,6,22.6,9.8,15.7,93.1,37,64.4,.7,9,.51,16.1,12.1,13.7,15.2,14.9,15,2.9,1.9,178,47,10.1,4.1,2,2.6,1.11,8.5
2021,349,6,15.5,3.1,9.7,91.1,24.3,58.6,.56,12.29,0,15.6,10.9,13,15.4,15.2,15.3,1.7,.8,287,56,10.3,.6,2.1,1.7,.67,1.3
2021,350,6,16.8,-1.2,6.9,92,29.7,63,.47,12.47,0,14.4,7.9,10.9,15.3,14.6,14.9,1.1,.4,209,57,4,.8,1.9,1.4,.59,-.4
2021,351,6,16.8,-.8,7.5,88.8,31.6,60.4,.51,12.12,0,13.9,7.7,10.5,14.7,14.1,14.4,1.1,.4,212,56,4.7,.8,1.9,1.5,.59,-.5
2021,352,6,19.4,.7,9.4,84.6,12.6,39.1,.87,12.72,0,13.2,7.2,10.1,14.2,13.7,14,2.2,1.9,7,29,7.8,1.8,3.1,2.7,.39,-5.9
2021,353,6,20.5,.6,10.3,68.3,20.2,38.5,.89,12.51,0,14.3,7.6,10.7,13.8,13.5,13.7,1.5,.9,16,46,4.3,2.1,2.7,2.2,.46,-4
2021,354,6,20.8,-.5,9.6,83.7,23.8,51.8,.73,11.97,0,14.6,7.8,11,13.8,13.4,13.6,1,.2,69,62,4,2.2,2.1,1.6,.58,-.8
2021,355,6,18.6,5.2,11.4,83,27.3,53.2,.72,6.49,0,13.7,9.7,11.6,13.8,13.6,13.7,1,0,58,68,3.7,1.7,1.2,1.5,.69,1.6
2021,356,6,22.9,4.4,12.9,86.8,21.7,51.4,.86,11.59,0,15.9,9.7,12.6,14,13.7,13.8,.8,.2,151,56,3.1,3.4,2.1,1.5,.71,2.1
2021,357,6,25.1,11.5,17.2,63.2,16.2,39.3,1.31,10.98,0,17.7,12.4,14.6,14.6,13.9,14.2,1.5,.5,172,60,5.1,5.7,2.7,2.5,.72,2.2
2021,358,6,19.8,12,14.1,99.9,30.6,85.5,.28,2.89,16.26,15.2,13.9,14.5,15,14.6,14.9,2.7,1,134,61,10.2,3.2,.3,1.6,1.34,11.3
2021,359,6,16.6,9.2,13.1,100,75.5,96,.07,5.32,.25,15.4,12.5,14,15.1,14.9,15,.8,.1,304,59,3.1,1.3,.2,.8,1.45,12.5
2021,360,6,18.7,7.6,13,100,42.1,80.4,.36,10.98,0,16.2,12.1,13.9,15.1,14.9,15,1.1,.4,220,53,4.7,1.9,1.6,1.3,1.17,9.3
2021,361,6,14.6,6,10.1,96.8,52.7,82,.24,4.58,0,13.2,10.6,11.8,15.1,14.7,14.9,1.6,1,198,46,6.6,.4,.2,1,1.01,7.1
2021,362,6,15.2,3.2,9.1,95.4,49.5,81,.26,7.47,.25,12.4,8.5,10.5,14.7,14,14.3,2,1.1,182,48,6.8,.5,.9,1.2,.93,5.9
2021,363,6,16.4,4.4,10.4,100,42.7,78.5,.33,11.5,0,14.4,8.9,11.5,14,13.7,13.8,1.4,.8,169,49,4.7,.9,1.6,1.3,.96,6.4
2021,364,6,16.7,5.2,10.1,100,48.3,85.5,.23,8.16,.25,13.7,9.3,11.3,14,13.7,13.8,.9,.4,128,51,3.5,1,.8,1.1,1.04,7.5
2021,365,6,14.2,9.7,11.6,100,76.4,92.9,.1,3,4.06,13,11.3,12.1,13.9,13.8,13.8,2,.5,224,66,7.9,.3,-.1,.7,1.27,10.5

