
Maricopa  :  2022  Heat Units 

 DOY = Day Of Year (1 to 365)
 Max = Maximum Air Temperature 
 Min = Minimum Air Temperature 
 HU  = Daily Heat Units 
 CUM = Accumulated Heat Units : Since Jan 1, 2022 
   * = Missing data. Max, Min Temps and Heat Units Estimated.

 Temperature and Heat Units are in Fahrenheit Units
 Heat Units calculated by Single Sine Method


                         86/55       86/50       86/45       94/55          RH
                       ==========  ==========  ==========  ==========   ===========
 DOY  Date    Max Min   HU   CUM    HU   CUM    HU   CUM    HU   CUM    Max Min Ave
 ---  ------  --- ---  ----  ----  ----  ----  ----  ----  ----  ----   --- --- ---
   1  Jan  1   55  34   0.0     0   1.1     1   3.2     3   0.0     0    96  24  63
   2  Jan  2   58  29   0.4     0   1.9     3   4.0     7   0.4     0    96  18  61
   3  Jan  3   66  29   2.5     3   4.5     7   7.0    14   2.5     3    94  21  61
   4  Jan  4   65  31   2.3     5   4.3    12   6.9    21   2.3     5    97  34  71
   5  Jan  5   67  32   3.0     8   5.3    17   8.0    29   3.0     8    98  25  69
   6  Jan  6   65  34   2.7    11   4.9    22   7.7    37   2.7    11    94  30  70
   7  Jan  7   72  34   5.1    16   7.8    30  10.8    48   5.1    16    97  29  68
   8  Jan  8   68  38   3.7    20   6.3    36   9.2    57   3.7    20    96  33  70
   9  Jan  9   72  33   5.1    25   7.4    44  10.4    67   5.1    25    98  22  63
  10  Jan 10   72  41   5.6    31   8.4    52  12.1    79   5.6    31    73  22  45
  11  Jan 11   69  39   4.2    35   6.9    59  10.1    89   4.2    35    85  24  54
  12  Jan 12   71  36   4.7    39   7.3    66  10.3   100   4.7    39    92  14  54
  13  Jan 13   71  33   4.7    44   7.2    73  10.0   110   4.7    44    86  19  53
  14  Jan 14   68  40   4.2    48   7.0    80  10.1   120   4.2    48    88  28  59
  15  Jan 15   70  37   4.4    53   7.0    87  10.0   130   4.4    53    84  16  46
  16  Jan 16   72  35   5.1    58   7.8    95  10.7   141   5.1    58    79  15  42
  17  Jan 17   73  39   5.8    64   8.7   104  11.9   153   5.8    64    84  16  47
  18  Jan 18   70  43   5.0    69   8.0   112  11.6   164   5.0    69    85  23  51
  19  Jan 19   70  40   4.6    73   7.4   119  10.8   175   4.6    73    86  35  62
  20  Jan 20   71  37   4.8    78   7.5   127  10.6   185   4.8    78    92  22  57
  21  Jan 21   71  34   4.7    83   7.1   134   9.9   195   4.7    83    86  22  51
  22  Jan 22   67  39   3.7    87   6.3   140   9.4   205   3.7    87    84  28  55
  23  Jan 23   69  40   4.5    91   7.2   148  10.5   215   4.5    91    94  28  58
  24  Jan 24   70  36   4.2    95   6.8   154   9.8   225   4.2    95    89  21  53
  25  Jan 25   70  34   4.2    99   6.6   161   9.5   235   4.2    99    83  16  45
  26  Jan 26   68  32   3.3   103   5.6   167   8.3   243   3.3   103    82  15  42
  27  Jan 27   68  31   3.2   106   5.5   172   8.2   251   3.2   106    77  17  44
  28  Jan 28   68  39   3.8   110   6.3   178   9.5   261   3.8   110    58  17  28
  29  Jan 29   72  41   5.9   116   8.8   187  12.3   273   5.9   116    50  14  29
  30  Jan 30   74  46   7.2   123  10.4   198  14.7   288   7.2   123    56  14  30
  31  Jan 31   71  35   4.7   128   7.3   205  10.1   298   4.7   128    78  13  36
  32  Feb  1   68  38   4.0   132   6.6   211   9.7   307   4.0   132    68  15  38
  33  Feb  2   58  33   0.5   132   2.1   214   4.3   312   0.5   132    50   9  23
  34  Feb  3   57  26   0.3   132   1.5   215   3.3   315   0.3   132    72   9  31
  35  Feb  4   61  27   1.1   133   2.8   218   5.0   320   1.1   133    62  13  30
  36  Feb  5   68  30   3.2   137   5.3   223   7.8   328   3.2   137    62   9  26
  37  Feb  6   73  28   4.8   141   7.4   230  10.0   338   4.8   141    70   9  27
  38  Feb  7   69  38   4.3   146   6.9   237  10.3   348   4.3   146    47  14  28
  39  Feb  8   75  33   6.2   152   8.8   246  11.9   360   6.2   152    67  10  32
  40  Feb  9   79  35   7.9   160  10.9   257  14.0   374   7.9   160    60   8  28
  41  Feb 10   81  36   9.0   169  12.0   269  15.2   389   9.0   169    66  10  29
  42  Feb 11   80  36   8.7   178  11.6   281  14.8   404   8.7   178    70  12  33
  43  Feb 12   82  36   9.4   187  12.3   293  15.7   420   9.4   187    64   6  31
  44  Feb 13   81  38   9.2   196  12.0   305  15.6   435   9.2   196    59  11  30
  45  Feb 14   82  35   9.5   206  12.6   318  15.7   451   9.5   206    61   6  30
  46  Feb 15   81  38   9.1   215  12.1   330  15.7   467   9.1   215    57   7  21
  47  Feb 16   62  44   2.1   217   4.7   334   8.3   475   2.1   217    65  26  41
  48  Feb 17   66  37   2.9   220   5.2   340   8.2   483   2.9   220    79  16  45
  49  Feb 18   71  31   4.3   224   6.8   346   9.5   493   4.3   224    69  11  35
  50  Feb 19   78  33   7.4   232  10.1   357  13.1   506   7.4   232    62   8  30
  51  Feb 20   80  36   8.5   240  11.6   368  14.7   521   8.5   240    61   9  27
  52  Feb 21   71  43   5.4   245   8.4   377  12.2   533   5.4   245    48  21  34
  53  Feb 22   69  42   4.6   250   7.5   384  11.0   544   4.6   250    72  28  48
  54  Feb 23   58  38   0.4   250   2.1   386   4.7   548   0.4   250    94  42  68
  55  Feb 24   57  31   0.2   251   1.5   388   3.5   552   0.2   251    97  31  67
  56  Feb 25   65  32   2.3   253   4.4   392   7.1   559   2.3   253    91  21  57
  57  Feb 26   68  31   3.4   256   5.7   398   8.5   567   3.4   256    90  18  50
  58  Feb 27   73  33   5.4   262   7.9   406  10.9   578   5.4   262    75  10  35
  59  Feb 28   81  44   9.9   272  13.4   419  17.2   596   9.9   272    62   8  29
  60  Mar  1   84  39  10.7   282  13.8   433  17.3   613  10.7   282    62   8  30
  61  Mar  2   86  42  12.1   294  15.6   449  19.4   632  12.1   294    64   8  30
  62  Mar  3   90  48  14.5   309  18.4   467  23.3   656  15.0   309    66   5  27
  63  Mar  4   72  53   7.8   317  12.6   479  17.6   673   7.8   317    71  19  36
  64  Mar  5   72  46   6.4   323   9.9   489  14.2   687   6.4   324    79  17  46
  65  Mar  6   63  41   2.3   325   4.8   494   8.1   695   2.3   326    64  18  37
  66  Mar  7   68  34   3.7   329   6.0   500   8.9   704   3.7   330    69  13  34
  67  Mar  8   66  37   2.9   332   5.3   505   8.2   713   2.9   332    57  10  28
  68  Mar  9   72  33   5.0   337   7.5   513  10.5   723   5.0   337    55  10  24
  69  Mar 10   74  38   6.1   343   8.9   522  12.2   735   6.1   344    53  16  25
  70  Mar 11   69  36   3.8   347   6.4   528   9.3   745   3.8   347    74   7  28
  71  Mar 12   77  32   7.0   354   9.7   538  12.7   757   7.0   354    54   7  25
  72  Mar 13   80  37   8.9   363  11.8   550  15.3   773   8.9   363    48   7  20
  73  Mar 14   82  41  10.0   373  13.1   563  16.8   789  10.0   373    52   7  22
  74  Mar 15   87  42  12.6   385  15.9   579  19.8   809  12.7   386    52   7  25
  75  Mar 16   84  46  11.6   397  15.2   594  19.6   829  11.6   398    50  13  21
  76  Mar 17   80  52  11.3   408  15.9   610  20.9   850  11.3   409    44   8  22
  77  Mar 18   83  41  10.5   419  13.7   624  17.4   867  10.5   419    63   6  24
  78  Mar 19   85  41  11.6   430  14.8   638  18.8   886  11.6   431    52   6  22
  79  Mar 20   73  53   8.0   438  12.6   651  17.6   903   8.0   439    51  15  30
  80  Mar 21   75  52   8.8   447  13.4   664  18.4   922   8.8   448    67   8  24
  81  Mar 22   80  42   9.4   457  12.7   677  16.4   938   9.4   457    51   8  21
  82  Mar 23   79  45   9.6   466  12.9   690  17.2   955   9.6   467    42   6  18
  83  Mar 24   87  41  12.1   478  15.4   705  19.2   975  12.1   479    41   5  18
  84  Mar 25   95  46  15.6   494  19.4   725  24.0   999  17.3   496    45   5  19
  85  Mar 26   94  49  16.0   510  20.1   745  25.2  1024  17.5   514    50   6  23
  86  Mar 27   95  49  16.2   526  20.4   765  25.4  1049  17.9   532    61   4  16
  87  Mar 28   80  62  15.9   542  20.9   786  25.9  1075  15.9   548    75  10  27
  88  Mar 29   69  52   5.9   548  10.3   797  15.3  1090   5.9   553    97  32  65
  89  Mar 30   79  48  10.1   558  13.8   810  18.6  1109  10.1   564    87  18  52
  90  Mar 31   83  50  12.4   570  16.6   827  21.6  1131  12.4   576    79  18  44
  91  Apr  1   86  53  14.8   585  19.6   847  24.6  1155  14.8   591    64  12  36
  92  Apr  2   89  52  15.6   601  20.4   867  25.4  1181  16.0   607    75  10  33
  93  Apr  3   86  53  14.7   616  19.6   886  24.6  1205  14.7   621    66  15  33
  94  Apr  4   87  55  16.0   632  21.0   908  26.0  1231  16.1   638    53  16  30
  95  Apr  5   91  59  19.2   651  24.2   932  29.2  1260  20.1   658    57  13  29
  96  Apr  6   93  58  19.0   670  24.0   956  29.0  1290  20.3   678    49   6  23
  97  Apr  7   92  54  17.2   687  22.1   978  27.1  1317  18.3   696    43   3  14
  98  Apr  8   95  53  17.3   704  22.0  1000  27.0  1344  19.0   715    50   3  16
  99  Apr  9   97  51  16.9   721  21.5  1021  26.5  1370  18.9   734    51   4  17
 100  Apr 10   89  60  19.1   740  24.1  1046  29.1  1399  19.6   754    43  12  23
 101  Apr 11   88  62  19.8   760  24.8  1070  29.8  1429  20.0   774    50  14  30
 102  Apr 12   74  50   7.6   768  11.5  1082  16.6  1446   7.6   781    54   6  26
 103  Apr 13   75  38   6.9   775   9.6  1092  12.8  1459   6.9   788    41   4  15
 104  Apr 14   85  40  11.1   786  14.6  1106  18.2  1477  11.1   799    47   3  20
 105  Apr 15   88  50  14.7   801  19.0  1125  23.9  1501  15.0   814    33   5  17
 106  Apr 16   90  56  17.3   818  22.3  1147  27.3  1528  17.9   832    30   6  15
 107  Apr 17   92  52  16.4   834  21.3  1169  26.3  1554  17.4   850    57   5  20
 108  Apr 18   96  48  16.3   851  20.2  1189  25.0  1579  18.1   868    61   3  18
 109  Apr 19   99  65  23.5   874  28.5  1217  33.5  1613  26.2   894    36   3  11
 110  Apr 20   90  62  20.3   894  25.3  1243  30.3  1643  21.1   915    34   8  16
 111  Apr 21   93  53  17.0   911  21.6  1264  26.6  1670  18.2   933    57   8  21
 112  Apr 22   78  59  13.4   925  18.4  1283  23.4  1693  13.4   947    43  12  25
 113  Apr 23   81  51  11.7   936  15.9  1299  20.9  1714  11.7   958    47  10  25
 114  Apr 24   85  50  13.4   950  17.6  1316  22.5  1737  13.4   972    50   5  19
 115  Apr 25   92  46  14.6   965  18.4  1335  23.1  1760  15.6   987    57   4  18
 116  Apr 26   99  51  17.8   982  22.2  1357  27.2  1787  20.2  1007    48   5  16
 117  Apr 27   93  57  18.8  1001  23.8  1381  28.8  1816  20.3  1028    33   4  14
 118  Apr 28   91  58  18.7  1020  23.7  1404  28.7  1844  19.4  1047    30   5  17
 ---  ------  --- ---  ----  ----  ----  ----  ----  ----  ----  ----   --- --- ---
 DOY  Date    Max Min   HU   CUM    HU   CUM    HU   CUM    HU   CUM    Max Min Ave
                       ==========  ==========  ==========  ==========   ===========
                         86/55       86/50       86/45       94/55          RH
Maricopa

