
 Maricopa  :  2022 

 Reference Evapotranspiration  (ETo) 


 Units = Inches
   DOY = Day Of Year (1 to 365)
   CUM = Accumulated Total Since Jan 1, 2022 
     * = Missing data. ETo estimated; based on previous day.


                  Original      Penman
                   AZMET        Monteith     Precipitation           
                 ==========    ==========    =============
 DOY   Date      DAY    CUM    DAY    CUM    DAY    CUM 
 ---   ------    ----   ----   ----   ----   ----   -----
   1   Jan  1    0.11   0.11   0.07   0.07   0.11    0.11
   2   Jan  2    0.09   0.19   0.06   0.13   0.00    0.11
   3   Jan  3    0.08   0.27   0.06   0.19   0.00    0.11
   4   Jan  4    0.08   0.35   0.06   0.25   0.00    0.11
   5   Jan  5    0.08   0.43   0.06   0.31   0.00    0.11
   6   Jan  6    0.06   0.49   0.05   0.36   0.00    0.11
   7   Jan  7    0.08   0.57   0.07   0.42   0.00    0.11
   8   Jan  8    0.06   0.63   0.06   0.48   0.00    0.11
   9   Jan  9    0.11   0.74   0.08   0.57   0.00    0.11
  10   Jan 10    0.15   0.88   0.14   0.71   0.00    0.11
  11   Jan 11    0.09   0.97   0.08   0.79   0.00    0.11
  12   Jan 12    0.10   1.07   0.08   0.87   0.00    0.11
  13   Jan 13    0.08   1.16   0.07   0.94   0.00    0.11
  14   Jan 14    0.04   1.20   0.06   1.01   0.00    0.11
  15   Jan 15    0.12   1.32   0.11   1.12   0.00    0.11
  16   Jan 16    0.12   1.43   0.10   1.22   0.00    0.11
  17   Jan 17    0.10   1.53   0.08   1.30   0.00    0.11
  18   Jan 18    0.10   1.63   0.08   1.38   0.00    0.11
  19   Jan 19    0.09   1.72   0.07   1.45   0.00    0.11
  20   Jan 20    0.11   1.83   0.08   1.53   0.00    0.11
  21   Jan 21    0.11   1.94   0.08   1.61   0.00    0.11
  22   Jan 22    0.09   2.03   0.10   1.71   0.00    0.11
  23   Jan 23    0.12   2.15   0.10   1.80   0.00    0.11
  24   Jan 24    0.11   2.26   0.09   1.89   0.00    0.11
  25   Jan 25    0.12   2.37   0.09   1.98   0.00    0.11
  26   Jan 26    0.12   2.49   0.09   2.08   0.00    0.11
  27   Jan 27    0.11   2.60   0.08   2.15   0.00    0.11
  28   Jan 28    0.20   2.81   0.18   2.34   0.00    0.11
  29   Jan 29    0.17   2.97   0.15   2.49   0.00    0.11
  30   Jan 30    0.14   3.11   0.11   2.60   0.00    0.11
  31   Jan 31    0.11   3.22   0.10   2.70   0.00    0.11
  32   Feb  1    0.09   3.31   0.09   2.79   0.00    0.11
  33   Feb  2    0.19   3.50   0.14   2.93   0.00    0.11
  34   Feb  3    0.12   3.62   0.08   3.01   0.00    0.11
  35   Feb  4    0.16   3.78   0.13   3.14   0.00    0.11
  36   Feb  5    0.15   3.93   0.13   3.26   0.00    0.11
  37   Feb  6    0.15   4.08   0.14   3.40   0.00    0.11
  38   Feb  7    0.19   4.27   0.16   3.56   0.00    0.11
  39   Feb  8    0.15   4.42   0.11   3.67   0.00    0.11
  40   Feb  9    0.17   4.59   0.14   3.81   0.00    0.11
  41   Feb 10    0.16   4.75   0.13   3.94   0.00    0.11
  42   Feb 11    0.16   4.90   0.13   4.07   0.00    0.11
  43   Feb 12    0.19   5.09   0.16   4.23   0.00    0.11
  44   Feb 13    0.18   5.27   0.14   4.38   0.00    0.11
  45   Feb 14    0.16   5.42   0.12   4.50   0.00    0.11
  46   Feb 15    0.26   5.69   0.26   4.76   0.00    0.11
  47   Feb 16    0.13   5.82   0.12   4.88   0.00    0.11
  48   Feb 17    0.15   5.96   0.12   5.00   0.00    0.11
  49   Feb 18    0.15   6.11   0.11   5.11   0.00    0.11
  50   Feb 19    0.17   6.28   0.13   5.24   0.00    0.11
  51   Feb 20    0.17   6.45   0.13   5.38   0.00    0.11
  52   Feb 21    0.22   6.67   0.20   5.58   0.00    0.11
  53   Feb 22    0.14   6.81   0.14   5.72   0.00    0.11
  54   Feb 23    0.06   6.87   0.08   5.80   0.21    0.32
  55   Feb 24    0.12   6.99   0.09   5.88   0.00    0.32
  56   Feb 25    0.13   7.13   0.10   5.98   0.00    0.32
  57   Feb 26    0.16   7.28   0.12   6.11   0.00    0.32
  58   Feb 27    0.17   7.46   0.15   6.26   0.00    0.32
  59   Feb 28    0.16   7.61   0.13   6.39   0.00    0.32
  60   Mar  1    0.19   7.81   0.15   6.55   0.00    0.32
  61   Mar  2    0.19   7.99   0.14   6.69   0.00    0.32
  62   Mar  3    0.22   8.21   0.19   6.88   0.00    0.32
  63   Mar  4    0.20   8.41   0.19   7.07   0.00    0.32
  64   Mar  5    0.20   8.61   0.18   7.26   0.00    0.32
  65   Mar  6    0.18   8.79   0.15   7.40   0.00    0.32
  66   Mar  7    0.19   8.98   0.15   7.55   0.00    0.32
  67   Mar  8    0.18   9.16   0.14   7.70   0.00    0.32
  68   Mar  9    0.20   9.36   0.17   7.86   0.00    0.32
  69   Mar 10    0.23   9.60   0.22   8.08   0.00    0.32
  70   Mar 11    0.21   9.80   0.17   8.25   0.00    0.32
  71   Mar 12    0.20  10.00   0.15   8.40   0.00    0.32
  72   Mar 13    0.22  10.23   0.19   8.60   0.00    0.32
  73   Mar 14    0.21  10.44   0.16   8.76   0.00    0.32
  74   Mar 15    0.21  10.65   0.17   8.93   0.00    0.32
  75   Mar 16    0.28  10.93   0.26   9.19   0.00    0.32
  76   Mar 17    0.24  11.17   0.21   9.39   0.00    0.32
  77   Mar 18    0.22  11.39   0.16   9.55   0.00    0.32
  78   Mar 19    0.19  11.58   0.16   9.72   0.00    0.32
  79   Mar 20    0.22  11.80   0.21   9.92   0.00    0.32
  80   Mar 21    0.27  12.07   0.24  10.17   0.00    0.32
  81   Mar 22    0.26  12.32   0.22  10.38   0.00    0.32
  82   Mar 23    0.25  12.57   0.21  10.59   0.00    0.32
  83   Mar 24    0.23  12.81   0.18  10.78   0.00    0.32
  84   Mar 25    0.23  13.04   0.17  10.95   0.00    0.32
  85   Mar 26    0.21  13.24   0.19  11.14   0.00    0.32
  86   Mar 27    0.30  13.54   0.28  11.42   0.00    0.32
  87   Mar 28    0.13  13.67   0.23  11.65   0.01    0.33
  88   Mar 29    0.16  13.83   0.15  11.80   0.28    0.61
  89   Mar 30    0.22  14.05   0.20  12.00   0.00    0.61
  90   Mar 31    0.22  14.27   0.19  12.19   0.00    0.61
  91   Apr  1    0.23  14.50   0.19  12.38   0.00    0.61
  92   Apr  2    0.27  14.77   0.24  12.61   0.00    0.61
  93   Apr  3    0.26  15.03   0.23  12.84   0.00    0.61
  94   Apr  4    0.28  15.31   0.26  13.10   0.00    0.61
  95   Apr  5    0.31  15.62   0.30  13.39   0.00    0.61
  96   Apr  6    0.29  15.91   0.25  13.64   0.00    0.61
  97   Apr  7    0.31  16.22   0.27  13.91   0.00    0.61
  98   Apr  8    0.31  16.53   0.26  14.17   0.00    0.61
  99   Apr  9    0.32  16.85   0.30  14.47   0.00    0.61
 100   Apr 10    0.28  17.13   0.30  14.77   0.00    0.61
 101   Apr 11    0.32  17.46   0.31  15.08   0.00    0.61
 102   Apr 12    0.31  17.77   0.26  15.34   0.00    0.61
 103   Apr 13    0.25  18.02   0.19  15.53   0.00    0.61
 104   Apr 14    0.25  18.27   0.20  15.73   0.00    0.61
 105   Apr 15    0.26  18.53   0.22  15.95   0.00    0.61
 106   Apr 16    0.31  18.84   0.28  16.24   0.00    0.61
 107   Apr 17    0.29  19.13   0.24  16.48   0.00    0.61
 108   Apr 18    0.29  19.42   0.25  16.73   0.00    0.61
 109   Apr 19    0.32  19.74   0.33  17.06   0.00    0.61
 110   Apr 20    0.33  20.07   0.29  17.36   0.00    0.61
 111   Apr 21    0.30  20.37   0.26  17.62   0.00    0.61
 112   Apr 22    0.33  20.71   0.30  17.92   0.00    0.61
 113   Apr 23    0.27  20.98   0.23  18.14   0.00    0.61
 114   Apr 24    0.30  21.28   0.25  18.40   0.00    0.61
 115   Apr 25    0.29  21.57   0.24  18.63   0.00    0.61
 116   Apr 26    0.28  21.85   0.25  18.88   0.00    0.61
 117   Apr 27    0.37  22.22   0.33  19.21   0.00    0.61
 118   Apr 28    0.37  22.59   0.33  19.55   0.00    0.61
 ---   ------    ----  -----   ----  -----   ----  ------
 DOY   Date      ETO    CUM    ETO    CUM    RAIN   CUM  
                 ==========    ==========    ============
                  Original      Penman                   
                   AZMET        Monteith                 
Maricopa

